SYMBOL,SERIES,OPEN,HIGH,LOW,CLOSE,LAST,PREVCLOSE,TOTTRDQTY,TOTTRDVAL,TIMESTAMP,TOTALTRADES,ISIN,Unnamed: 13
20MICRONS,EQ,60.95,62.0,59.5,60.4,61.5,60.65,619730,37368766.9,05-JAN-2022,3133,INE144J01027,
21STCENMGM,EQ,48.15,48.2,46.5,46.6,46.8,47.4,34024,1604984.35,05-JAN-2022,419,INE253B01015,
3IINFOLTD,EQ,92.6,94.3,90.55,91.05,91.0,92.6,1389796,128039973.25,05-JAN-2022,11390,INE748C01038,
3MINDIA,EQ,25640.0,25640.0,25440.0,25555.65,25580.0,25612.45,1128,28837358.7,05-JAN-2022,798,INE470A01017,
3PLAND,EQ,19.8,19.8,19.8,19.8,19.8,18.9,71463,1414967.4,05-JAN-2022,189,INE105C01023,
585GS2030,GS,94.75,94.8,94.75,94.77,94.75,97.8,150,14215.0,05-JAN-2022,3,IN0020200294,
5PAISA,EQ,423.0,459.5,423.0,444.55,442.65,422.2,97287,43263481.75,05-JAN-2022,4071,INE618L01018,
610GS2031,GS,97.12,97.12,97.12,97.12,97.12,97.12,100,9712.0,05-JAN-2022,1,IN0020210095,
63MOONS,EQ,261.0,264.05,257.05,264.05,264.05,251.5,221368,58204406.45,05-JAN-2022,1684,INE111B01023,
676GS2061,GS,100.0,100.0,95.1,95.1,95.1,100.0,100,9534.5,05-JAN-2022,3,IN0020200401,
695GS2061,GS,99.98,99.98,99.5,99.98,99.98,99.98,2001,199579.98,05-JAN-2022,3,IN0020210202,
699GS2051,GS,99.5,100.0,99.5,99.91,99.5,99.5,1350,134843.0,05-JAN-2022,8,IN0020210194,
716GS2050,GS,105.9,106.4,105.9,105.9,105.9,107.5,494,52316.1,05-JAN-2022,10,IN0020200054,
727GS2026,GS,102.12,102.12,102.12,102.12,102.12,102.12,200,20424.0,05-JAN-2022,1,IN0020190016,
74GS2035,GS,105.0,105.0,105.0,105.0,105.0,105.0,4536,476280.0,05-JAN-2022,3,IN0020050012,
772GS2055,GS,110.3,110.3,110.3,110.3,110.3,110.5,103,11360.9,05-JAN-2022,2,IN0020150077,
A2ZINFRA,EQ,10.85,10.9,10.0,10.9,10.9,10.4,2550418,26682261.1,05-JAN-2022,3718,INE619I01012,
AAKASH,EQ,250.0,259.5,248.7,256.6,258.0,254.65,153856,38890502.45,05-JAN-2022,916,INE087Z01016,
AAREYDRUGS,EQ,56.0,58.9,53.0,53.8,53.95,55.7,1318934,74054810.6,05-JAN-2022,18710,INE198H01019,
AARON,EQ,151.55,151.55,138.0,147.8,148.45,137.8,90023,13144771.2,05-JAN-2022,2419,INE721Z01010,
AARTIDRUGS,EQ,537.95,539.0,531.5,534.4,535.0,538.0,131752,70535486.45,05-JAN-2022,7830,INE767A01016,
AARTIIND,EQ,994.0,1001.85,985.55,999.2,1000.0,992.0,664665,661268214.8,05-JAN-2022,18693,INE769A01020,
AARTISURF,EQ,1067.0,1099.4,1062.95,1095.65,1086.0,1076.75,20118,21833967.0,05-JAN-2022,2636,INE09EO01013,
AARVEEDEN,EQ,29.9,30.75,28.45,28.8,28.9,29.9,84246,2425198.75,05-JAN-2022,581,INE273D01019,
AARVI,EQ,100.45,100.45,94.0,94.75,95.0,96.2,34848,3375314.8,05-JAN-2022,538,INE754X01016,
AAVAS,EQ,2760.0,3016.0,2736.25,2927.2,2930.0,2771.0,212923,623672564.6,05-JAN-2022,36757,INE216P01012,
ABAN,EQ,49.95,50.4,48.15,49.45,49.5,49.65,116841,5761066.65,05-JAN-2022,1736,INE421A01028,
ABB,EQ,2229.55,2249.9,2200.0,2226.2,2212.0,2219.75,222632,496737943.0,05-JAN-2022,17664,INE117A01022,
ABBOTINDIA,EQ,19048.7,19221.6,18781.55,18866.35,18840.0,18986.2,10135,192525283.35,05-JAN-2022,3958,INE358A01014,
ABCAPITAL,EQ,130.7,130.7,127.5,129.4,129.5,130.9,7757626,1002361857.1,05-JAN-2022,33326,INE674K01013,
ABFRL,EQ,286.35,289.3,281.85,287.15,286.0,286.35,3496376,1001961988.5,05-JAN-2022,37775,INE647O01011,
ABINFRA,SM,7.55,7.55,7.55,7.55,7.55,7.2,4000,30200.0,05-JAN-2022,1,INE00YB01017,
ABMINTLLTD,EQ,101.95,103.2,98.0,98.3,98.0,98.4,8698,874630.65,05-JAN-2022,627,INE251C01025,
ABSLAMC,EQ,535.95,548.2,535.95,540.75,539.0,535.6,228418,124009480.6,05-JAN-2022,10706,INE404A01024,
ABSLBANETF,EQ,37.5,41.5,35.5,37.53,37.58,36.76,23794,883020.7,05-JAN-2022,251,INF209KB17D5,
ABSLNN50ET,EQ,43.5,43.87,43.0,43.19,43.49,43.25,3204,138967.3,05-JAN-2022,110,INF209KB16D7,
ACC,EQ,2225.0,2246.0,2220.1,2241.3,2245.0,2224.3,372959,834131219.25,05-JAN-2022,15668,INE012A01025,
ACCELYA,EQ,1085.0,1094.0,1077.35,1086.65,1093.95,1085.4,8089,8761164.15,05-JAN-2022,2148,INE793A01012,
ACCURACY,EQ,216.95,218.0,212.55,215.5,214.7,216.35,40074,8650597.1,05-JAN-2022,788,INE648Z01015,
ACE,EQ,223.0,225.1,219.15,220.15,220.0,225.0,271958,60312203.45,05-JAN-2022,5879,INE731H01025,
ACRYSIL,EQ,830.0,835.6,820.0,822.6,822.9,828.05,30755,25414066.45,05-JAN-2022,2587,INE482D01024,
ADANIENT,EQ,1722.0,1744.65,1702.55,1715.45,1714.0,1719.0,1583598,2726699448.3,05-JAN-2022,35561,INE423A01024,
ADANIGREEN,EQ,1366.7,1408.3,1366.7,1399.65,1405.0,1366.7,394705,549587603.65,05-JAN-2022,22738,INE364U01010,
ADANIPORTS,EQ,739.0,758.8,734.05,754.9,754.0,739.25,5409002,4051369956.15,05-JAN-2022,66305,INE742F01042,
ADANIPOWER,EQ,100.65,101.6,99.6,99.85,99.95,100.55,4250315,425505950.9,05-JAN-2022,28161,INE814H01011,
ADANITRANS,BE,1706.1,1780.5,1706.1,1761.05,1758.05,1754.95,54105,94456373.55,05-JAN-2022,5468,INE931S01010,
ADFFOODS,EQ,848.2,890.9,846.05,886.5,881.95,857.1,51496,45024493.35,05-JAN-2022,4388,INE982B01019,
ADL,BE,48.5,50.15,46.25,49.9,50.0,47.8,3250,160747.95,05-JAN-2022,36,INE0CHO01012,
ADORWELD,EQ,706.45,720.0,691.05,694.05,691.6,705.3,9726,6824210.65,05-JAN-2022,880,INE045A01017,
ADROITINFO,BE,10.4,11.2,10.4,11.1,11.15,10.7,7946,85734.8,05-JAN-2022,41,INE737B01033,
ADSL,EQ,142.65,143.95,136.6,140.1,139.5,143.8,339736,47477221.2,05-JAN-2022,9735,INE102I01027,
ADVANIHOTR,EQ,78.0,78.2,74.95,75.85,76.1,78.95,55607,4245129.15,05-JAN-2022,625,INE199C01026,
ADVENZYMES,EQ,333.05,336.85,331.25,334.8,336.0,333.05,65320,21822254.2,05-JAN-2022,3183,INE837H01020,
AEGISCHEM,EQ,219.9,219.9,212.5,214.5,214.6,217.6,640640,137835812.55,05-JAN-2022,9231,INE208C01025,
AFFLE,EQ,1322.0,1357.9,1295.0,1327.2,1322.0,1317.4,1129029,1494848099.15,05-JAN-2022,79651,INE00WC01027,
AGARIND,EQ,400.7,417.65,399.8,409.4,408.0,400.7,44787,18365492.0,05-JAN-2022,1862,INE204E01012,
AGRITECH,EQ,63.0,63.75,60.2,61.1,60.75,62.5,8960,549878.2,05-JAN-2022,135,INE449G01018,
AGROPHOS,EQ,25.15,25.9,24.1,24.4,24.5,25.1,116828,2885320.6,05-JAN-2022,691,INE740V01019,
AHLADA,EQ,133.7,144.9,133.7,139.2,139.0,140.15,13746,1926897.9,05-JAN-2022,287,INE00PV01013,
AHLEAST,EQ,189.2,196.1,185.55,191.2,190.0,191.6,14758,2821837.45,05-JAN-2022,417,INE926K01017,
AHLUCONT,EQ,406.2,414.0,404.65,409.1,410.5,408.75,6008,2458950.0,05-JAN-2022,515,INE758C01029,
AIAENG,EQ,1856.3,1866.75,1820.0,1835.7,1842.0,1846.6,19151,35365031.1,05-JAN-2022,3046,INE212H01026,
AILIMITED,SM,24.4,24.4,24.4,24.4,24.4,23.25,12000,292800.0,05-JAN-2022,4,INE0CAJ01017,
AIRAN,EQ,25.9,27.5,23.75,24.6,24.7,25.4,1646594,42046746.35,05-JAN-2022,3970,INE645W01026,
AIROLAM,EQ,77.5,80.0,74.15,78.65,77.55,77.5,87608,6839340.2,05-JAN-2022,673,INE801L01010,
AIRTELPP,E1,364.7,368.9,332.2,362.45,361.1,360.95,182515,66221374.75,05-JAN-2022,3100,IN9397D01014,
AJANTPHARM,EQ,2209.0,2254.0,2207.35,2233.15,2233.0,2202.65,89770,200987311.9,05-JAN-2022,9785,INE031B01049,
AJMERA,EQ,306.5,309.5,298.55,301.4,301.35,304.9,23503,7104573.55,05-JAN-2022,863,INE298G01027,
AJOONI,EQ,69.2,70.2,68.0,69.2,68.15,69.15,106357,7362290.9,05-JAN-2022,912,INE820Y01013,
AJRINFRA,BE,2.7,2.7,2.65,2.7,2.7,2.6,2840035,7662979.3,05-JAN-2022,2044,INE181G01025,
AKASH,BE,178.2,178.2,170.0,175.0,175.0,178.2,10091,1787480.85,05-JAN-2022,116,INE737W01013,
AKG,EQ,54.2,54.8,49.45,52.7,52.15,52.0,47857,2535917.15,05-JAN-2022,615,INE00Y801016,
AKSHARCHEM,EQ,460.0,469.4,454.0,459.75,459.1,455.15,25850,11944209.05,05-JAN-2022,1236,INE542B01011,
AKSHOPTFBR,EQ,12.3,12.6,12.3,12.3,12.3,12.9,975583,12025020.9,05-JAN-2022,1043,INE523B01011,
AKZOINDIA,EQ,2050.0,2050.0,2010.0,2020.75,2026.0,2019.8,4218,8542197.15,05-JAN-2022,1200,INE133A01011,
ALANKIT,EQ,16.4,16.45,15.55,15.85,15.85,16.3,1470108,23321468.3,05-JAN-2022,2702,INE914E01040,
ALBERTDAVD,EQ,662.3,675.0,655.0,662.05,664.7,652.5,27736,18446882.8,05-JAN-2022,2468,INE155C01010,
ALEMBICLTD,EQ,110.7,112.8,109.35,111.45,111.35,110.05,489199,54406161.65,05-JAN-2022,8381,INE426A01027,
ALICON,EQ,827.0,829.0,802.35,812.25,811.0,819.85,15078,12277608.75,05-JAN-2022,2356,INE062D01024,
ALKALI,EQ,94.0,94.65,92.65,93.15,93.0,94.2,22872,2136552.35,05-JAN-2022,458,INE773I01017,
ALKEM,EQ,3620.0,3629.95,3565.0,3602.8,3609.0,3613.8,43807,157716663.25,05-JAN-2022,6226,INE540L01014,
ALKYLAMINE,EQ,3715.0,3715.0,3601.0,3657.35,3660.0,3728.35,86576,316567706.55,05-JAN-2022,17843,INE150B01039,
ALLCARGO,EQ,394.0,398.5,387.25,390.85,390.5,399.85,291632,114548387.9,05-JAN-2022,10606,INE418H01029,
ALLSEC,EQ,654.8,702.0,654.8,692.75,699.0,651.65,133935,92035341.75,05-JAN-2022,12405,INE835G01018,
ALMONDZ,EQ,124.3,125.65,121.85,122.65,124.5,124.5,6532,810099.95,05-JAN-2022,160,INE326B01027,
ALOKINDS,EQ,25.4,25.45,24.5,24.55,24.6,25.35,10807872,269424640.6,05-JAN-2022,13592,INE270A01029,
ALPA,EQ,89.95,91.95,87.1,88.45,87.65,88.4,405840,36214063.65,05-JAN-2022,8625,INE385I01010,
ALPHAGEO,EQ,365.0,409.9,365.0,392.3,391.5,363.75,309943,123033539.15,05-JAN-2022,17668,INE137C01018,
AMARAJABAT,EQ,636.9,639.15,632.2,634.6,634.2,636.45,543269,345049763.95,05-JAN-2022,15650,INE885A01032,
AMBANIORG,SM,96.0,96.25,96.0,96.25,96.25,97.65,4000,384500.0,05-JAN-2022,2,INE00C501018,
AMBER,EQ,3307.35,3478.0,3307.35,3424.95,3406.0,3307.35,113693,389716473.2,05-JAN-2022,15449,INE371P01015,
AMBICAAGAR,EQ,22.5,23.9,22.05,22.55,22.95,23.15,70683,1592592.5,05-JAN-2022,537,INE792B01012,
AMBIKCO,EQ,2042.0,2055.55,1980.0,1984.55,1984.0,2047.1,17067,34241403.6,05-JAN-2022,2950,INE540G01014,
AMBUJACEM,EQ,389.95,394.65,388.75,393.7,393.2,390.45,1521048,597110984.35,05-JAN-2022,22402,INE079A01024,
AMDIND,EQ,49.6,50.45,47.1,49.25,49.2,48.45,229089,11276133.1,05-JAN-2022,1672,INE005I01014,
AMIORG,EQ,1034.0,1134.7,1023.45,1094.25,1094.0,1036.45,729391,797692042.55,05-JAN-2022,38747,INE00FF01017,
AMJLAND,EQ,33.35,35.3,33.0,33.8,33.4,33.0,116967,3996118.1,05-JAN-2022,987,INE606A01024,
AMRUTANJAN,EQ,935.0,974.9,929.9,958.1,957.2,931.0,109237,104383519.25,05-JAN-2022,10510,INE098F01031,
ANANDRATHI,EQ,635.9,648.5,631.4,637.1,635.6,639.8,345322,220788553.5,05-JAN-2022,12939,INE463V01026,
ANANTRAJ,EQ,75.15,77.0,73.5,74.45,75.6,75.15,355993,26804194.35,05-JAN-2022,3091,INE242C01024,
ANDHRACEMT,EQ,17.65,17.65,16.65,17.0,16.95,17.35,832731,14145455.2,05-JAN-2022,2509,INE666E01012,
ANDHRAPAP,EQ,221.0,230.75,221.0,223.9,223.6,220.95,89786,20264941.6,05-JAN-2022,1943,INE435A01028,
ANDHRSUGAR,EQ,139.25,140.8,134.0,134.85,134.45,141.05,945418,129710859.6,05-JAN-2022,13350,INE715B01021,
ANDREWYU,EQ,25.7,28.4,25.6,27.2,27.15,25.9,2021741,55597102.55,05-JAN-2022,7396,INE449C01025,
ANGELONE,EQ,1220.0,1246.65,1208.0,1242.3,1243.0,1219.35,502200,620242564.6,05-JAN-2022,20141,INE732I01013,
ANIKINDS,EQ,31.25,31.25,31.0,31.25,31.25,29.8,60008,1875070.0,05-JAN-2022,179,INE087B01017,
ANKITMETAL,BE,17.15,17.15,16.2,17.15,17.15,16.35,1086083,18487507.55,05-JAN-2022,3055,INE106I01010,
ANMOL,EQ,166.0,167.95,163.0,164.7,164.7,165.7,8444,1395425.75,05-JAN-2022,342,INE02AR01019,
ANSALAPI,EQ,12.55,13.5,12.55,13.4,13.4,12.9,431126,5751433.55,05-JAN-2022,708,INE436A01026,
ANSALHSG,BE,9.8,10.3,9.5,10.2,10.2,9.85,413069,4127018.15,05-JAN-2022,915,INE880B01015,
ANTGRAPHIC,BE,1.75,1.75,1.75,1.75,1.75,1.7,148522,259913.5,05-JAN-2022,89,INE414B01021,
ANUP,EQ,1000.55,1029.9,1000.0,1017.55,1027.0,1000.55,13765,14012821.6,05-JAN-2022,2420,INE294Z01018,
ANURAS,EQ,1040.3,1054.9,1018.9,1034.05,1030.0,1035.05,308875,318426542.5,05-JAN-2022,10746,INE930P01018,
APARINDS,EQ,767.9,769.7,750.0,755.55,756.2,764.3,70764,53618405.55,05-JAN-2022,6451,INE372A01015,
APCL,EQ,314.0,325.0,311.7,317.45,318.0,314.05,36407,11613826.95,05-JAN-2022,1350,INE071F01012,
APCOTEXIND,EQ,380.1,389.7,379.05,383.2,383.0,384.15,45048,17296055.4,05-JAN-2022,2445,INE116A01032,
APEX,EQ,297.0,301.9,295.55,296.7,297.9,299.55,86064,25711848.55,05-JAN-2022,3198,INE346W01013,
APLAPOLLO,EQ,956.95,972.0,944.15,949.65,950.0,948.2,579219,555324336.55,05-JAN-2022,34981,INE702C01027,
APLLTD,EQ,841.0,844.0,813.05,816.55,816.95,841.25,548471,454891405.2,05-JAN-2022,25337,INE901L01018,
APOLLO,EQ,174.65,178.35,167.55,169.0,168.0,173.25,571688,98077251.4,05-JAN-2022,12021,INE713T01010,
APOLLOHOSP,EQ,4962.0,5138.65,4922.0,4973.25,4967.0,4964.6,966342,4836646380.25,05-JAN-2022,71511,INE437A01024,
APOLLOPIPE,EQ,534.8,561.2,527.2,554.55,558.0,530.45,84211,46178281.65,05-JAN-2022,5949,INE126J01016,
APOLLOTYRE,EQ,225.75,228.0,224.0,227.5,226.45,225.6,2086152,472449758.45,05-JAN-2022,17955,INE438A01022,
APOLSINHOT,EQ,825.75,859.0,823.3,847.35,833.15,830.05,1247,1047482.6,05-JAN-2022,159,INE451F01024,
APTECHT,EQ,428.8,433.3,421.35,423.35,423.0,433.3,188793,80283007.65,05-JAN-2022,7607,INE266F01018,
APTUS,EQ,350.0,350.0,311.1,342.9,343.0,347.65,150148,51322263.2,05-JAN-2022,6700,INE852O01025,
ARCHIDPLY,EQ,41.2,46.35,41.05,46.35,46.35,42.15,237096,10754371.1,05-JAN-2022,932,INE877I01016,
ARCHIES,EQ,18.9,18.9,18.2,18.45,18.5,18.5,50537,932184.3,05-JAN-2022,285,INE731A01020,
ARENTERP,BE,64.85,67.0,61.65,61.65,61.65,64.85,8406,522569.65,05-JAN-2022,192,INE610C01014,
ARIES,EQ,154.8,166.9,152.3,162.4,162.8,154.95,620480,101019646.2,05-JAN-2022,12323,INE298I01015,
ARIHANT,EQ,38.8,40.7,38.05,39.75,39.95,38.8,19364,765932.8,05-JAN-2022,367,INE413D01011,
ARIHANTCAP,EQ,244.65,250.35,233.05,237.05,237.1,244.65,112401,27009639.05,05-JAN-2022,5360,INE420B01028,
ARIHANTSUP,EQ,177.0,178.8,174.55,177.1,175.5,178.5,211855,37594795.0,05-JAN-2022,1444,INE643K01018,
ARMANFIN,EQ,890.0,902.95,871.7,875.75,872.0,891.1,10370,9148034.35,05-JAN-2022,1209,INE109C01017,
AROGRANITE,EQ,80.0,80.75,78.4,80.05,80.0,79.65,93653,7431635.9,05-JAN-2022,1519,INE210C01013,
ARROWGREEN,EQ,124.0,127.0,122.2,123.7,123.5,124.45,8137,1009913.15,05-JAN-2022,289,INE570D01018,
ARSHIYA,EQ,37.2,37.2,37.2,37.2,37.2,35.45,45282,1684490.4,05-JAN-2022,99,INE968D01022,
ARSSINFRA,EQ,43.45,43.9,38.4,39.5,39.5,44.2,534289,21897915.55,05-JAN-2022,5813,INE267I01010,
ARTEMISMED,EQ,44.0,44.65,42.1,42.7,42.7,43.65,99569,4276972.15,05-JAN-2022,719,INE025R01021,
ARTNIRMAN,BE,147.0,147.0,133.05,134.0,134.0,140.05,12266,1665086.4,05-JAN-2022,198,INE738V01013,
ARVEE,EQ,86.5,86.5,83.25,83.75,84.45,85.65,756,63796.6,05-JAN-2022,40,INE006Z01016,
ARVIND,EQ,123.0,123.5,120.8,122.25,122.25,123.3,944373,115325412.3,05-JAN-2022,9033,INE034A01011,
ARVINDFASN,EQ,281.0,281.3,274.15,275.25,275.5,281.3,66632,18452815.5,05-JAN-2022,2771,INE955V01021,
ARVSMART,EQ,217.7,217.8,211.7,212.2,211.7,216.4,31787,6786558.45,05-JAN-2022,942,INE034S01021,
ASAHIINDIA,EQ,489.8,489.8,484.05,485.85,485.2,490.2,81236,39507860.75,05-JAN-2022,10232,INE439A01020,
ASAHISONG,EQ,299.0,304.2,291.1,296.15,296.9,295.5,18271,5438289.3,05-JAN-2022,1301,INE228I01012,
ASAL,EQ,761.0,761.45,741.55,761.45,761.45,725.2,62517,47582901.4,05-JAN-2022,1463,INE900C01027,
ASALCBR,EQ,525.05,554.75,520.55,537.45,538.0,528.15,115635,62647274.35,05-JAN-2022,9834,INE073G01016,
ASCOM,SM,59.5,59.5,59.5,59.5,59.5,57.0,8000,476000.0,05-JAN-2022,2,INE08KD01015,
ASHAPURMIN,EQ,98.0,99.3,96.55,97.25,97.45,97.2,99220,9735733.55,05-JAN-2022,1886,INE348A01023,
ASHIANA,EQ,175.9,176.95,172.35,173.1,172.75,175.0,129638,22682056.8,05-JAN-2022,2671,INE365D01021,
ASHIMASYN,EQ,18.85,19.15,18.6,18.75,18.9,18.85,118424,2233707.05,05-JAN-2022,622,INE440A01010,
ASHOKA,EQ,105.0,108.6,103.35,107.9,107.0,104.9,3010416,319755990.25,05-JAN-2022,18815,INE442H01029,
ASHOKLEY,EQ,127.0,132.25,126.05,131.75,130.9,127.4,17150006,2235710000.55,05-JAN-2022,69299,INE208A01029,
ASIANENE,EQ,139.05,143.45,138.25,140.3,141.25,140.95,68218,9625800.7,05-JAN-2022,1365,INE276G01015,
ASIANHOTNR,EQ,85.7,85.7,78.6,81.75,81.5,86.55,40165,3278507.25,05-JAN-2022,1108,INE363A01022,
ASIANPAINT,EQ,3470.0,3540.0,3452.05,3526.8,3526.0,3459.3,1024506,3597840737.85,05-JAN-2022,92812,INE021A01026,
ASIANTILES,EQ,140.0,142.75,138.0,139.05,138.75,140.0,463296,65085449.2,05-JAN-2022,5322,INE022I01019,
ASPINWALL,EQ,164.85,164.85,157.0,158.55,158.15,160.5,5767,917865.35,05-JAN-2022,230,INE991I01015,
ASTEC,EQ,1461.65,1489.15,1446.0,1452.15,1450.1,1461.65,12731,18685845.0,05-JAN-2022,2848,INE563J01010,
ASTERDM,EQ,182.1,194.6,180.15,191.45,192.1,179.25,2713569,516004026.7,05-JAN-2022,35781,INE914M01019,
ASTRAL,EQ,2399.75,2468.0,2368.15,2419.3,2415.0,2396.65,641490,1558314644.5,05-JAN-2022,46039,INE006I01046,
ASTRAMICRO,EQ,238.25,239.65,233.2,234.85,235.9,238.7,139543,33066961.85,05-JAN-2022,2754,INE386C01029,
ASTRAZEN,EQ,3050.0,3080.0,3040.0,3042.7,3041.2,3052.3,12241,37420149.75,05-JAN-2022,2278,INE203A01020,
ASTRON,EQ,50.2,51.85,49.1,50.25,50.4,49.35,225129,11399940.4,05-JAN-2022,1909,INE646X01014,
ATALREAL,SM,153.0,162.0,150.0,162.0,162.0,153.6,41600,6442640.0,05-JAN-2022,21,INE0ALR01011,
ATFL,EQ,959.55,973.0,956.85,970.3,972.55,958.5,2982,2882021.35,05-JAN-2022,564,INE209A01019,
ATGL,BE,1725.0,1774.9,1725.0,1771.7,1772.0,1753.95,368312,649078073.45,05-JAN-2022,5366,INE399L01023,
ATLANTA,EQ,20.5,21.25,20.35,20.5,20.45,20.35,90410,1871754.8,05-JAN-2022,500,INE285H01022,
ATUL,EQ,9339.0,9420.15,9172.0,9206.4,9182.05,9301.9,233503,2153709325.0,05-JAN-2022,5077,INE100A01010,
ATULAUTO,EQ,192.55,193.45,190.4,191.7,191.9,192.55,94697,18143743.85,05-JAN-2022,2340,INE951D01028,
AUBANK,EQ,1135.95,1249.4,1116.15,1169.35,1174.0,1095.9,10231005,12109489504.15,05-JAN-2022,233861,INE949L01017,
AURDIS,SM,72.35,72.45,72.35,72.45,72.45,69.0,6000,434400.0,05-JAN-2022,3,INE448V01019,
AURIONPRO,EQ,324.0,335.15,324.0,335.15,335.15,319.2,193653,64473290.9,05-JAN-2022,5296,INE132H01018,
AUROPHARMA,EQ,723.1,730.15,717.25,721.3,722.05,722.25,1147149,830191660.1,05-JAN-2022,24735,INE406A01037,
AURUM,EQ,162.05,165.0,160.05,163.65,162.8,162.05,260915,42397747.95,05-JAN-2022,6849,INE898S01029,
AUSOMENT,EQ,78.35,78.4,73.2,73.7,73.4,75.5,10617,798565.3,05-JAN-2022,271,INE218C01016,
AUTOAXLES,EQ,1571.0,1583.75,1561.6,1570.4,1575.0,1575.85,11694,18363808.4,05-JAN-2022,2290,INE449A01011,
AUTOIND,EQ,57.85,58.0,56.4,56.95,57.0,57.25,16183,924622.4,05-JAN-2022,379,INE718H01014,
AVADHSUGAR,EQ,539.7,552.0,524.0,526.55,526.6,543.35,684368,368484628.2,05-JAN-2022,30420,INE349W01017,
AVANTIFEED,EQ,583.95,583.95,570.6,572.15,572.5,580.6,119544,68660248.45,05-JAN-2022,5847,INE871C01038,
AVG,SM,67.1,67.1,67.1,67.1,67.1,69.5,1200,80520.0,05-JAN-2022,1,INE680Z01018,
AVSL,SM,35.35,35.35,35.35,35.35,35.35,33.7,3000,106050.0,05-JAN-2022,1,INE522V01011,
AVTNPL,EQ,78.3,79.5,75.8,77.85,77.6,78.85,117824,9185935.35,05-JAN-2022,1753,INE488D01021,
AWHCL,EQ,317.7,324.9,316.0,317.3,317.75,317.95,111667,35706570.95,05-JAN-2022,5996,INE01BK01022,
AXISBANK,EQ,711.9,730.9,707.75,726.9,726.0,709.15,11312955,8161738361.65,05-JAN-2022,218427,INE238A01034,
AXISBNKETF,EQ,373.22,379.7,369.9,376.86,376.5,368.2,7360,2763647.39,05-JAN-2022,99,INF846K01X63,
AXISBPSETF,EQ,10.44,10.46,10.44,10.45,10.46,10.44,31336,327554.84,05-JAN-2022,12331,INF846K01Z04,
AXISCADES,BE,103.8,106.5,102.5,103.75,103.55,104.5,43754,4566775.45,05-JAN-2022,353,INE555B01013,
AXISCETF,EQ,70.99,71.2,68.87,71.14,71.15,69.36,3501,248098.02,05-JAN-2022,98,INF846K016C7,
AXISGOLD,EQ,41.52,41.69,41.45,41.51,41.53,41.43,100380,4167033.2,05-JAN-2022,4149,INF846K01W80,
AXISHCETF,EQ,87.26,88.5,87.25,87.49,87.31,87.17,15318,1338652.53,05-JAN-2022,146,INF846K01Z12,
AXISNIFTY,EQ,186.8,187.44,185.28,186.83,186.72,185.5,3946,736172.05,05-JAN-2022,156,INF846K01W98,
AXISTECETF,EQ,397.58,404.99,388.74,390.26,390.0,397.01,3112,1220803.78,05-JAN-2022,102,INF846K01Y96,
AYMSYNTEX,EQ,99.0,103.0,97.9,100.3,100.05,97.9,44036,4444856.7,05-JAN-2022,783,INE193B01039,
BAFNAPH,EQ,152.0,152.0,143.0,144.55,145.0,147.1,3723,544511.45,05-JAN-2022,218,INE878I01022,
BAGFILMS,BE,4.85,5.35,4.85,5.35,5.35,5.1,607542,3037951.45,05-JAN-2022,544,INE116D01028,
BAJAJ-AUTO,EQ,3289.15,3365.0,3281.0,3358.55,3350.0,3289.15,312215,1042451994.75,05-JAN-2022,22521,INE917I01010,
BAJAJCON,EQ,198.65,198.8,192.6,193.9,193.3,198.0,829000,162077555.15,05-JAN-2022,14394,INE933K01021,
BAJAJELEC,EQ,1291.1,1317.4,1253.0,1262.7,1259.25,1291.1,150762,193134124.6,05-JAN-2022,13351,INE193E01025,
BAJAJFINSV,EQ,17100.0,18050.0,17100.0,17988.4,17983.3,17135.45,608210,10810976454.4,05-JAN-2022,85891,INE918I01018,
BAJAJHCARE,EQ,413.3,415.25,403.0,405.1,408.0,405.85,22529,9176369.6,05-JAN-2022,1629,INE411U01027,
BAJAJHIND,EQ,16.6,16.6,16.25,16.6,16.6,15.85,29669652,492127978.5,05-JAN-2022,14095,INE306A01021,
BAJAJHLDNG,EQ,5289.9,5405.0,5280.05,5363.75,5363.0,5293.25,35681,191001354.55,05-JAN-2022,10733,INE118A01012,
BAJFINANCE,EQ,7469.9,7691.15,7415.0,7670.8,7665.0,7343.0,2583262,19594087523.1,05-JAN-2022,198560,INE296A01024,
BALAJITELE,EQ,62.25,62.6,61.35,61.75,61.9,62.3,95605,5910189.45,05-JAN-2022,1037,INE794B01026,
BALAMINES,EQ,3783.0,3793.2,3622.0,3685.15,3688.0,3783.9,119873,440632019.1,05-JAN-2022,18661,INE050E01027,
BALAXI,EQ,503.95,524.0,492.55,516.75,520.0,499.0,3301,1696675.1,05-JAN-2022,298,INE618N01014,
BALKRISHNA,EQ,42.3,42.3,42.3,42.3,42.3,40.3,10339,437339.7,05-JAN-2022,49,INE875R01011,
BALKRISIND,EQ,2313.05,2346.4,2301.15,2341.3,2337.15,2313.05,128569,300179969.5,05-JAN-2022,10112,INE787D01026,
BALMLAWRIE,EQ,128.2,141.45,127.2,136.95,136.5,126.8,10125625,1393673834.4,05-JAN-2022,83179,INE164A01016,
BALPHARMA,EQ,119.45,125.4,113.65,115.05,114.5,118.35,329356,39445598.55,05-JAN-2022,12059,INE083D01012,
BALRAMCHIN,EQ,424.4,431.1,413.85,417.5,415.75,427.3,8410788,3549186102.5,05-JAN-2022,95124,INE119A01028,
BANARBEADS,EQ,93.4,99.95,88.75,94.4,94.2,92.9,280959,26739761.2,05-JAN-2022,7271,INE655B01011,
BANARISUG,EQ,2881.6,2881.6,2760.0,2779.25,2778.0,2911.4,10072,28358935.2,05-JAN-2022,2387,INE459A01010,
BANCOINDIA,EQ,179.3,192.55,178.95,185.15,184.5,179.3,500398,93409646.25,05-JAN-2022,11731,INE213C01025,
BANDHANBNK,EQ,258.7,265.4,253.5,263.45,264.3,254.55,22673520,5855496307.5,05-JAN-2022,130371,INE545U01014,
BANG,EQ,36.55,37.75,36.15,36.9,36.65,36.55,40679,1500094.3,05-JAN-2022,1164,INE863I01016,
BANKA,EQ,78.65,85.95,78.6,82.85,84.45,78.65,45283,3811937.9,05-JAN-2022,364,INE862Y01015,
BANKBARODA,EQ,83.8,85.85,83.45,84.9,84.75,83.9,33925654,2877382299.85,05-JAN-2022,71220,INE028A01039,
BANKBEES,EQ,369.44,380.69,367.7,379.09,379.01,370.85,976199,368128139.08,05-JAN-2022,12881,INF204KB15I9,
BANKINDIA,EQ,52.95,54.25,52.7,54.1,54.1,52.95,5343001,286824895.15,05-JAN-2022,13341,INE084A01016,
BANSWRAS,EQ,278.8,288.0,261.85,264.0,264.2,273.85,451646,124840516.4,05-JAN-2022,24202,INE629D01012,
BARBEQUE,EQ,1414.0,1424.75,1392.0,1412.05,1400.0,1412.45,26724,37718811.15,05-JAN-2022,4675,INE382M01027,
BARTRONICS,BZ,10.55,10.95,10.0,10.0,10.0,10.5,125826,1273221.85,05-JAN-2022,312,INE855F01034,
BASF,EQ,2994.0,3024.7,2926.85,2945.25,2933.3,2980.75,33610,99534459.15,05-JAN-2022,6117,INE373A01013,
BASML,EQ,83.0,89.35,82.7,84.0,84.25,82.7,917132,79039491.45,05-JAN-2022,12412,INE186H01022,
BATAINDIA,EQ,1845.55,1852.0,1810.0,1813.8,1814.8,1845.55,464891,845130204.6,05-JAN-2022,21486,INE176A01028,
BAYERCROP,EQ,4973.2,4997.9,4925.8,4941.5,4940.0,4973.2,70526,349153242.65,05-JAN-2022,1561,INE462A01022,
BBETF0432,EQ,1003.0,1004.1,1002.8,1003.99,1004.1,1003.16,2924,2935003.23,05-JAN-2022,62,INF754K01OB1,
BBL,EQ,1900.0,1919.85,1893.1,1899.3,1899.7,1902.8,10178,19367229.0,05-JAN-2022,1579,INE464A01028,
BBOX,EQ,930.0,1013.8,910.0,971.3,960.0,939.85,40439,39081101.35,05-JAN-2022,3344,INE676A01019,
BBTC,EQ,1091.2,1108.0,1085.55,1091.2,1086.05,1097.8,36820,40362165.1,05-JAN-2022,3149,INE050A01025,
BBTCL,SM,179.55,179.55,179.55,179.55,179.55,171.0,3000,538650.0,05-JAN-2022,1,INE01EE01011,
BCG,BE,156.3,159.0,154.6,154.6,154.6,162.7,2032005,314750076.55,05-JAN-2022,17834,INE425B01027,
BCLIND,BE,325.7,326.0,309.45,319.85,318.2,325.7,55821,17730838.9,05-JAN-2022,834,INE412G01016,
BCONCEPTS,SM,43.95,43.95,43.95,43.95,43.95,41.9,18000,791100.0,05-JAN-2022,6,INE977Y01011,
BCP,EQ,7.3,7.3,7.0,7.05,7.05,7.0,2607119,18654298.8,05-JAN-2022,4763,INE905P01028,
BDL,EQ,394.0,398.0,387.05,389.2,389.0,394.0,104987,41150641.85,05-JAN-2022,3981,INE171Z01018,
BEARD-RE,BE,12.0,12.0,12.0,12.0,12.0,8.6,120156,1441872.0,05-JAN-2022,298,INE520H20014,
BEARDSELL,EQ,15.9,15.9,15.9,15.9,15.9,15.15,66547,1058097.3,05-JAN-2022,75,INE520H01022,
BECTORFOOD,EQ,380.05,383.95,377.75,378.85,379.95,381.5,46401,17646297.05,05-JAN-2022,2817,INE495P01012,
BEDMUTHA,EQ,71.0,72.45,70.1,71.45,71.1,69.55,37728,2699977.85,05-JAN-2022,759,INE844K01012,
BEL,EQ,215.75,216.9,212.6,213.3,213.0,216.15,3985837,855424270.45,05-JAN-2022,37340,INE263A01024,
BEML,EQ,1735.0,1854.45,1707.85,1840.0,1840.0,1730.1,1576287,2832494050.15,05-JAN-2022,79131,INE258A01016,
BEPL,EQ,175.0,177.0,173.55,174.85,174.05,170.75,956609,167707612.2,05-JAN-2022,14335,INE922A01025,
BERGEPAINT,EQ,787.45,792.95,778.55,789.75,789.1,784.45,467130,367611730.1,05-JAN-2022,19895,INE463A01038,
BESTAGRO,EQ,1015.0,1015.0,994.55,1003.8,995.1,1000.15,29500,29552703.35,05-JAN-2022,1435,INE052T01013,
BETA,SM,650.0,664.0,631.2,664.0,664.0,659.0,4400,2843800.0,05-JAN-2022,11,INE351Y01019,
BFINVEST,EQ,328.4,330.7,318.0,325.9,325.5,327.4,15485,5059235.25,05-JAN-2022,1156,INE878K01010,
BFUTILITIE,EQ,393.0,399.5,390.25,395.55,396.4,394.2,132868,52512808.95,05-JAN-2022,5631,INE243D01012,
BGRENERGY,EQ,90.0,97.8,90.0,97.8,97.8,88.95,2812416,269535407.0,05-JAN-2022,30145,INE661I01014,
BHAGCHEM,EQ,972.85,988.55,950.0,962.65,974.0,986.75,4119,3985787.0,05-JAN-2022,347,INE414D01019,
BHAGERIA,EQ,258.0,264.5,257.3,259.35,258.95,257.25,51416,13423185.0,05-JAN-2022,1978,INE354C01027,
BHAGYANGR,EQ,48.55,53.5,48.55,51.7,51.7,49.3,315200,16461745.55,05-JAN-2022,2925,INE458B01036,
BHAGYAPROP,EQ,36.7,36.85,35.3,36.3,36.0,35.95,103622,3735846.95,05-JAN-2022,5222,INE363W01018,
BHANDARI,BE,11.6,11.6,10.7,11.6,11.6,11.05,945369,10897833.7,05-JAN-2022,2433,INE474E01029,
BHARATFORG,EQ,723.8,725.0,713.0,721.0,721.5,717.0,1426330,1026326736.6,05-JAN-2022,35831,INE465A01025,
BHARATGEAR,EQ,152.9,159.1,151.5,157.1,155.0,152.2,117498,18315384.8,05-JAN-2022,1755,INE561C01019,
BHARATRAS,EQ,11825.0,12660.0,11750.0,12593.6,12475.0,11793.55,21013,261544384.15,05-JAN-2022,7053,INE838B01013,
BHARATWIRE,EQ,68.1,71.3,66.0,69.55,69.65,67.95,147751,10305423.3,05-JAN-2022,1363,INE316L01019,
BHARTIARTL,EQ,700.9,702.75,691.75,700.0,700.0,697.45,4586105,3203921431.85,05-JAN-2022,103288,INE397D01024,
BHEL,EQ,59.55,60.6,59.5,59.8,59.75,60.05,21100778,1265717458.4,05-JAN-2022,36845,INE257A01026,
BIGBLOC,EQ,67.9,68.25,64.05,66.7,66.9,65.0,421321,28182562.7,05-JAN-2022,4456,INE412U01025,
BIL,EQ,337.55,337.55,320.65,323.75,325.8,337.55,22977,7501172.1,05-JAN-2022,1798,INE828A01016,
BINDALAGRO,EQ,30.15,30.4,28.5,28.85,28.85,30.15,610713,17930644.0,05-JAN-2022,3537,INE143A01010,
BIOCON,EQ,366.0,367.9,361.75,363.35,363.0,364.4,1049204,382558769.1,05-JAN-2022,15967,INE376G01013,
BIOFILCHEM,EQ,62.8,62.8,61.5,62.25,62.3,61.55,35094,2177791.5,05-JAN-2022,804,INE829A01014,
BIRET,RR,295.0,296.5,292.0,295.82,296.15,295.7,240771,71105243.68,05-JAN-2022,2536,INE0FDU25010,
BIRLACABLE,EQ,101.1,107.35,100.75,105.35,104.8,102.55,194255,20339684.65,05-JAN-2022,3259,INE800A01015,
BIRLACORPN,EQ,1476.65,1489.25,1438.2,1457.9,1457.65,1479.3,54979,80580033.7,05-JAN-2022,7575,INE340A01012,
BIRLAMONEY,EQ,63.15,71.0,62.95,67.9,67.8,62.95,1119448,76057136.3,05-JAN-2022,10239,INE865C01022,
BIRLATYRE,EQ,24.9,25.0,24.65,24.75,24.75,24.95,254194,6296197.2,05-JAN-2022,1549,INE0AEJ01013,
BKMINDST,BZ,2.95,2.95,2.9,2.95,2.95,2.85,477010,1405922.0,05-JAN-2022,759,INE831Q01016,
BLBLIMITED,BE,25.1,25.1,25.1,25.1,25.1,23.95,31705,795795.5,05-JAN-2022,144,INE791A01024,
BLISSGVS,EQ,101.9,102.35,99.45,99.95,100.0,101.3,513679,51777854.6,05-JAN-2022,6044,INE416D01022,
BLKASHYAP,EQ,28.8,28.85,28.25,28.45,28.5,28.6,193499,5497228.75,05-JAN-2022,1127,INE350H01032,
BLS,BE,192.0,192.0,186.1,188.85,189.0,189.8,40750,7717817.95,05-JAN-2022,614,INE153T01027,
BLUEDART,EQ,6601.0,6835.0,6580.0,6808.05,6821.0,6575.85,44370,298791470.0,05-JAN-2022,8452,INE233B01017,
BLUESTARCO,EQ,1032.9,1047.5,990.2,998.3,1003.0,1027.5,87492,88826570.3,05-JAN-2022,9279,INE472A01039,
BMETRICS,SM,148.3,148.3,143.0,147.8,147.8,138.4,10800,1573560.0,05-JAN-2022,9,INE0I3Y01014,
BODALCHEM,EQ,110.85,113.85,109.1,111.25,111.15,110.85,324586,36192775.35,05-JAN-2022,4965,INE338D01028,
BOMDYEING,EQ,107.0,111.45,107.0,108.5,108.3,107.5,5435570,593581084.85,05-JAN-2022,30522,INE032A01023,
BOROLTD,BE,407.05,410.0,391.7,395.15,396.0,406.85,73669,29349402.25,05-JAN-2022,2400,INE02PY01013,
BORORENEW,EQ,665.0,665.0,645.0,647.55,651.0,660.85,329651,214908671.5,05-JAN-2022,17094,INE666D01022,
BOSCHLTD,EQ,17220.0,17569.8,17150.0,17332.35,17320.25,17222.6,28716,498297263.95,05-JAN-2022,7273,INE323A01026,
BPCL,EQ,384.95,396.5,383.45,394.7,395.85,385.95,6741998,2635669487.6,05-JAN-2022,66150,INE029A01011,
BPL,EQ,70.25,71.95,68.75,69.75,70.1,71.55,140929,9858252.6,05-JAN-2022,2046,INE110A01019,
BRFL,BZ,8.35,8.35,8.05,8.05,8.05,8.45,165269,1332134.6,05-JAN-2022,566,INE589G01011,
BRIGADE,EQ,474.75,480.15,464.2,467.1,466.5,475.05,543258,255486090.35,05-JAN-2022,20429,INE791I01019,
BRIGHT,SM,7.85,7.85,7.85,7.85,7.85,8.25,216000,1695600.0,05-JAN-2022,56,INE684Z01010,
BRITANNIA,EQ,3638.0,3689.0,3633.05,3659.7,3656.0,3638.45,245395,897830567.4,05-JAN-2022,24387,INE216A01030,
BRITANNIA,N2,32.0,32.0,31.0,31.08,31.08,31.19,26508,823567.29,05-JAN-2022,59,INE216A07052,
BRITANNIA,N3,29.56,29.8,29.46,29.51,29.52,29.57,5524,163100.12,05-JAN-2022,131,INE216A08027,
BRNL,EQ,30.8,33.5,30.3,31.85,32.0,30.45,633066,20165302.35,05-JAN-2022,3366,INE727S01012,
BROOKS,EQ,101.5,102.95,97.9,98.35,98.5,100.65,86162,8592629.85,05-JAN-2022,819,INE650L01011,
BSE,EQ,1914.8,1926.75,1892.0,1906.6,1909.0,1910.15,349262,666229695.95,05-JAN-2022,20709,INE118H01025,
BSHSL,EQ,320.0,342.0,317.3,322.45,323.0,317.55,2038,661518.8,05-JAN-2022,61,INE032Z01012,
BSL,EQ,116.8,116.8,114.05,115.1,116.75,115.4,11378,1307076.65,05-JAN-2022,308,INE594B01012,
BSLGOLDETF,EQ,43.98,43.98,43.53,43.66,43.65,43.6,8319,364446.67,05-JAN-2022,199,INF209KB18D3,
BSLNIFTY,EQ,19.87,19.98,19.47,19.93,19.96,19.83,29584,587940.11,05-JAN-2022,780,INF209KB19D1,
BSLSENETFG,EQ,58.05,58.05,56.0,57.58,57.25,56.9,3655,209304.07,05-JAN-2022,167,INF209KB10E8,
BSOFT,EQ,558.3,558.3,547.0,550.95,551.0,559.6,1867208,1030122981.7,05-JAN-2022,31035,INE836A01035,
BURGERKING,EQ,140.85,142.4,139.25,139.55,139.4,140.8,1302448,182521742.45,05-JAN-2022,21952,INE07T201019,
BURNPUR,BE,6.1,6.1,5.75,6.1,6.1,5.85,1007113,6063831.05,05-JAN-2022,1723,INE817H01014,
BUTTERFLY,EQ,1181.0,1240.6,1126.55,1237.7,1233.7,1181.55,89247,109469379.55,05-JAN-2022,3776,INE295F01017,
BVCL,BE,21.25,21.3,20.8,21.0,21.25,21.25,19892,419784.1,05-JAN-2022,82,INE139I01011,
BYKE,EQ,30.9,31.1,30.0,30.15,30.3,30.95,118252,3624488.9,05-JAN-2022,438,INE319B01014,
CADILAHC,EQ,465.4,469.4,458.0,458.75,458.8,464.65,3684924,1699061822.5,05-JAN-2022,47872,INE010B01027,
CADSYS,SM,25.4,25.4,25.35,25.35,25.35,26.6,4000,101500.0,05-JAN-2022,2,INE090Y01013,
CALSOFT,EQ,45.05,46.85,43.1,43.75,43.3,45.05,140019,6220483.75,05-JAN-2022,1336,INE526B01014,
CAMLINFINE,EQ,137.05,149.5,136.05,145.6,145.45,135.95,1758420,253463040.9,05-JAN-2022,28338,INE052I01032,
CAMS,EQ,2738.9,2874.9,2738.9,2831.6,2824.9,2738.9,378632,1073160067.5,05-JAN-2022,42905,INE596I01012,
CANBK,EQ,206.5,212.05,205.15,211.0,210.9,206.55,11554362,2416330360.6,05-JAN-2022,75382,INE476A01014,
CANDC,BZ,7.1,7.1,6.5,7.05,7.1,6.8,145426,1006110.4,05-JAN-2022,194,INE874H01015,
CANFINHOME,EQ,580.0,596.0,571.2,592.75,591.95,581.05,560391,329563408.7,05-JAN-2022,22619,INE477A01020,
CANTABIL,EQ,828.6,839.9,810.0,811.55,813.05,828.6,12202,9936527.45,05-JAN-2022,640,INE068L01016,
CAPACITE,EQ,171.6,174.5,168.3,170.45,170.05,171.55,222642,38236537.55,05-JAN-2022,3685,INE264T01014,
CAPLIPOINT,EQ,863.1,871.0,855.0,864.1,865.0,864.2,60946,52685288.15,05-JAN-2022,4810,INE475E01026,
CAPTRUST,EQ,119.9,121.9,116.0,117.55,117.0,121.05,12265,1457096.95,05-JAN-2022,320,INE707C01018,
CARBORUNIV,EQ,985.45,1008.95,972.85,982.05,982.85,985.45,159824,157808571.7,05-JAN-2022,14670,INE120A01034,
CAREERP,EQ,133.8,139.95,133.05,133.85,133.9,134.7,55467,7509985.45,05-JAN-2022,1159,INE521J01018,
CARERATING,EQ,623.0,623.0,612.0,618.6,622.0,619.9,60537,37531531.85,05-JAN-2022,7209,INE752H01013,
CARTRADE,EQ,844.0,851.35,837.2,845.15,846.0,844.9,117729,99210765.3,05-JAN-2022,8202,INE290S01011,
CASTROLIND,EQ,125.1,125.8,123.1,124.15,124.0,124.85,964103,120377524.1,05-JAN-2022,13198,INE172A01027,
CCCL,BE,1.6,1.6,1.6,1.6,1.6,1.55,69178,110684.8,05-JAN-2022,42,INE429I01024,
CCHHL,BE,9.35,9.35,8.75,8.85,8.85,9.15,76228,678719.75,05-JAN-2022,372,INE652F01027,
CCL,EQ,425.7,429.0,415.0,419.45,417.0,425.3,193993,82048271.75,05-JAN-2022,6875,INE421D01022,
CDSL,EQ,1536.0,1542.6,1511.25,1527.55,1531.0,1534.9,376107,573443651.5,05-JAN-2022,23465,INE736A01011,
CEATLTD,EQ,1186.8,1195.15,1171.3,1177.5,1179.9,1186.05,69066,81533091.15,05-JAN-2022,5689,INE482A01020,
CEBBCO,EQ,43.0,44.0,42.45,43.7,43.6,43.0,108321,4694050.55,05-JAN-2022,893,INE209L01016,
CELEBRITY,BE,18.8,19.35,17.55,19.0,19.3,18.45,300849,5577823.5,05-JAN-2022,509,INE185H01016,
CENTENKA,EQ,469.0,489.0,461.2,463.5,462.95,474.55,172301,81793527.65,05-JAN-2022,5392,INE485A01015,
CENTEXT,EQ,13.55,14.9,13.55,14.6,14.5,14.2,1989075,28560237.05,05-JAN-2022,3404,INE281A01026,
CENTRALBK,EQ,21.5,22.1,21.4,21.75,21.7,21.5,5080177,110209793.8,05-JAN-2022,7091,INE483A01010,
CENTRUM,EQ,33.2,33.4,32.6,32.8,33.0,33.1,428761,14093999.65,05-JAN-2022,1856,INE660C01027,
CENTUM,EQ,590.0,659.9,590.0,639.75,643.0,597.2,173372,110492240.45,05-JAN-2022,14044,INE320B01020,
CENTURYPLY,EQ,622.5,645.0,615.0,639.65,636.0,621.3,315445,199950220.55,05-JAN-2022,19784,INE348B01021,
CENTURYTEX,EQ,917.0,919.0,902.0,912.65,909.0,915.4,200609,182422115.15,05-JAN-2022,11089,INE055A01016,
CERA,EQ,4985.0,4985.0,4868.85,4911.05,4914.95,4963.95,3575,17647580.95,05-JAN-2022,1239,INE739E01017,
CEREBRAINT,EQ,85.6,90.5,85.3,87.05,86.9,85.65,2223212,197244698.55,05-JAN-2022,21217,INE345B01019,
CESC,EQ,89.45,90.4,88.8,89.6,89.55,89.5,2143349,191860608.65,05-JAN-2022,13135,INE486A01021,
CGCL,EQ,509.1,516.15,508.15,510.0,510.3,515.4,18033,9250201.1,05-JAN-2022,941,INE180C01026,
CGPOWER,EQ,206.0,208.9,202.0,202.75,202.25,204.6,1506022,306835268.25,05-JAN-2022,15953,INE067A01029,
CHALET,EQ,218.0,219.9,215.0,216.0,215.9,220.15,79603,17236455.05,05-JAN-2022,3206,INE427F01016,
CHAMBLFERT,EQ,409.05,437.9,407.9,429.1,430.4,407.25,9079554,3884901842.75,05-JAN-2022,118779,INE085A01013,
CHEMBOND,EQ,215.0,224.5,212.0,219.7,219.1,215.65,31030,6834674.5,05-JAN-2022,1250,INE995D01025,
CHEMCON,EQ,372.2,373.3,367.3,368.3,367.35,372.2,75102,27807477.0,05-JAN-2022,3812,INE03YM01018,
CHEMFAB,EQ,160.5,162.4,156.0,158.45,158.7,160.5,9839,1559522.8,05-JAN-2022,175,INE783X01023,
CHEMPLASTS,EQ,582.0,600.0,577.1,587.55,590.5,578.8,910987,536452601.95,05-JAN-2022,18811,INE488A01050,
CHENNPETRO,EQ,104.0,106.9,103.55,105.7,105.8,104.85,567649,59979922.45,05-JAN-2022,7298,INE178A01016,
CHOLAFIN,EQ,546.0,571.05,542.25,568.0,565.5,546.05,4130279,2320922022.25,05-JAN-2022,66852,INE121A01024,
CHOLAHLDNG,EQ,645.0,655.0,642.05,648.0,646.75,645.65,80114,51973585.8,05-JAN-2022,4298,INE149A01033,
CIGNITITEC,EQ,566.0,571.45,549.95,552.55,555.0,565.4,33018,18483480.5,05-JAN-2022,2750,INE675C01017,
CINELINE,EQ,93.1,97.95,93.1,95.2,95.2,95.65,20394,1959772.1,05-JAN-2022,279,INE704H01022,
CINEVISTA,EQ,18.0,18.35,17.1,17.5,17.4,18.0,79854,1389534.15,05-JAN-2022,487,INE039B01026,
CIPLA,EQ,926.5,931.8,919.0,928.55,929.25,924.25,1407995,1304814825.15,05-JAN-2022,45984,INE059A01026,
CLEAN,EQ,2669.0,2705.0,2561.0,2604.4,2600.0,2661.85,452578,1188776143.75,05-JAN-2022,39580,INE227W01023,
CLEDUCATE,EQ,121.05,121.05,115.05,118.1,117.55,118.15,37860,4471831.75,05-JAN-2022,750,INE201M01029,
CLNINDIA,EQ,495.05,496.7,490.1,491.95,492.0,493.1,24118,11879281.4,05-JAN-2022,1805,INE492A01029,
CLSEL,EQ,103.0,107.0,100.25,102.85,103.25,100.25,439104,45673303.0,05-JAN-2022,5059,INE419D01026,
CMICABLES,EQ,49.9,52.9,48.05,48.75,48.75,49.6,246738,12370465.15,05-JAN-2022,3146,INE981B01011,
CMMIPL,SM,12.4,13.7,12.4,13.7,13.7,13.05,21000,273450.0,05-JAN-2022,7,INE289S01013,
CMSINFO,EQ,234.0,250.7,229.55,240.0,238.65,234.05,5332766,1290195197.4,05-JAN-2022,85920,INE925R01014,
COALINDIA,EQ,153.0,154.3,152.1,153.7,154.0,153.0,8454060,1296461246.25,05-JAN-2022,53430,INE522F01014,
COASTCORP,EQ,328.7,328.7,315.0,317.45,315.5,325.65,30877,9913752.9,05-JAN-2022,2133,INE377E01016,
COCHINSHIP,EQ,349.5,350.55,346.3,347.95,348.5,346.85,90663,31570258.9,05-JAN-2022,3552,INE704P01017,
COFFEEDAY,EQ,43.45,43.8,42.1,42.45,42.4,43.45,1559148,66835631.5,05-JAN-2022,11994,INE335K01011,
COFORGE,EQ,6107.7,6107.7,5890.95,5939.5,5925.4,6105.4,696187,4142429519.1,05-JAN-2022,43809,INE591G01017,
COLPAL,EQ,1465.0,1474.45,1460.0,1466.15,1464.9,1464.8,233585,342487486.65,05-JAN-2022,11712,INE259A01022,
COMPINFO,EQ,40.0,40.25,37.3,37.9,37.55,39.45,2036389,77962364.85,05-JAN-2022,10135,INE070C01037,
COMPUSOFT,EQ,32.4,32.4,32.4,32.4,32.4,30.9,100118,3243823.2,05-JAN-2022,425,INE453B01029,
CONCOR,EQ,630.0,636.85,626.0,629.95,630.0,627.75,917088,577895507.5,05-JAN-2022,50770,INE111A01025,
CONFIPET,EQ,77.2,77.5,75.75,76.6,76.6,76.85,666427,51027237.5,05-JAN-2022,4777,INE552D01024,
CONSOFINVT,EQ,155.45,155.45,148.25,149.6,148.3,150.85,8831,1328179.05,05-JAN-2022,236,INE025A01027,
CONTROLPR,EQ,342.0,344.0,335.0,335.65,337.5,338.6,10036,3383654.6,05-JAN-2022,519,INE663B01015,
CORALFINAC,EQ,39.2,40.2,39.2,39.65,39.55,39.7,19814,785656.35,05-JAN-2022,294,INE558D01021,
CORDSCABLE,EQ,64.8,67.1,63.05,65.4,66.0,64.95,166117,10826267.75,05-JAN-2022,2205,INE792I01017,
COROMANDEL,EQ,774.0,781.45,766.2,773.9,775.8,769.9,363756,282689593.7,05-JAN-2022,15136,INE169A01031,
COSMOFILMS,EQ,1482.75,1489.9,1457.55,1467.3,1465.0,1482.75,36113,53194805.25,05-JAN-2022,4633,INE757A01017,
COUNCODOS,BE,6.65,6.65,6.65,6.65,6.65,6.35,177921,1183174.65,05-JAN-2022,122,INE695B01025,
COX&KINGS,BZ,2.0,2.0,1.9,2.0,2.0,1.95,1106723,2203961.35,05-JAN-2022,658,INE008I01026,
CPSEETF,EQ,33.0,33.0,30.67,30.81,30.81,30.78,687123,21144313.73,05-JAN-2022,3888,INF457M01133,
CRAFTSMAN,EQ,2399.95,2399.95,2338.0,2346.45,2345.85,2386.0,11241,26507764.05,05-JAN-2022,2246,INE00LO01017,
CREATIVE,EQ,518.0,520.95,508.0,520.95,520.95,496.15,54961,28455199.75,05-JAN-2022,451,INE985W01018,
CREATIVEYE,EQ,4.75,4.85,4.75,4.85,4.85,4.75,8704,41844.0,05-JAN-2022,21,INE230B01021,
CREDITACC,EQ,599.95,599.95,582.55,586.2,585.0,596.3,127488,74770247.4,05-JAN-2022,7308,INE741K01010,
CREST,BE,145.4,153.85,145.4,146.8,146.0,152.0,4200,613945.25,05-JAN-2022,76,INE559D01011,
CRISIL,EQ,2888.0,2943.95,2871.4,2884.8,2877.9,2880.3,109289,318254430.35,05-JAN-2022,7692,INE007A01025,
CROMPTON,EQ,435.8,450.0,434.4,443.05,442.05,436.05,1154263,513017669.1,05-JAN-2022,41249,INE299U01018,
CSBBANK,EQ,250.0,258.5,250.0,255.05,255.0,251.75,348090,88446968.0,05-JAN-2022,7806,INE679A01013,
CTE,EQ,83.5,86.0,80.1,81.0,81.0,83.4,121172,10000890.35,05-JAN-2022,2525,INE627H01017,
CUB,EQ,142.4,146.55,140.3,144.3,144.0,141.95,4468337,642731214.9,05-JAN-2022,30456,INE491A01021,
CUBEXTUB,EQ,30.15,30.95,30.15,30.95,30.95,29.5,56404,1734932.25,05-JAN-2022,400,INE144D01012,
CUMMINSIND,EQ,948.0,948.0,927.25,929.3,928.95,949.45,471227,439022935.55,05-JAN-2022,6783,INE298A01020,
CUPID,EQ,226.0,226.0,221.0,222.7,223.25,223.9,25598,5704756.9,05-JAN-2022,1058,INE509F01011,
CYBERMEDIA,EQ,14.6,14.6,14.4,14.6,14.6,13.95,173801,2537157.7,05-JAN-2022,330,INE278G01037,
CYBERTECH,EQ,215.8,221.8,207.7,210.5,212.0,213.8,421630,90299035.1,05-JAN-2022,12788,INE214A01019,
CYIENT,EQ,1076.2,1078.95,1058.75,1067.2,1065.8,1080.85,341822,364547246.35,05-JAN-2022,19488,INE136B01020,
DAAWAT,EQ,78.1,82.8,77.55,80.65,80.4,77.75,10729961,862240329.7,05-JAN-2022,48336,INE818H01020,
DABUR,EQ,575.0,583.5,573.65,582.5,582.0,574.05,1001768,580285644.95,05-JAN-2022,22152,INE016A01026,
DALBHARAT,EQ,1876.65,1940.0,1876.65,1911.05,1912.0,1876.6,454090,872149883.2,05-JAN-2022,17083,INE00R701025,
DALMIASUG,EQ,429.9,440.0,419.75,422.4,421.25,432.0,305437,130670322.5,05-JAN-2022,12207,INE495A01022,
DAMODARIND,EQ,63.0,64.0,61.3,61.85,62.5,63.0,65149,4063265.9,05-JAN-2022,671,INE497D01022,
DANGEE,EQ,215.95,215.95,209.3,212.8,213.5,212.0,14455,3062956.3,05-JAN-2022,813,INE688Y01014,
DATAMATICS,EQ,305.7,316.95,303.85,309.6,308.6,307.6,256849,80050574.85,05-JAN-2022,8148,INE365B01017,
DATAPATTNS,EQ,760.0,789.0,740.5,772.35,771.95,758.35,953044,736039019.35,05-JAN-2022,34647,INE0IX101010,
DBCORP,EQ,94.85,95.0,93.5,94.4,94.55,94.25,52970,5001371.25,05-JAN-2022,870,INE950I01011,
DBL,EQ,434.8,435.35,426.6,427.9,427.5,434.85,474189,203676916.4,05-JAN-2022,11105,INE917M01012,
DBREALTY,BE,53.85,53.85,53.85,53.85,53.85,51.3,108044,5818169.4,05-JAN-2022,346,INE879I01012,
DBSTOCKBRO,BE,38.5,38.7,38.5,38.7,38.7,36.9,9405,363172.3,05-JAN-2022,53,INE921B01025,
DCAL,EQ,216.0,220.65,214.5,217.55,216.5,216.0,924590,201686585.2,05-JAN-2022,18109,INE385W01011,
DCBBANK,EQ,81.0,84.0,80.35,83.05,83.05,80.5,1857058,152667453.2,05-JAN-2022,10988,INE503A01015,
DCI,SM,97.0,100.0,96.0,100.0,100.0,97.55,9000,879000.0,05-JAN-2022,3,INE0A1101019,
DCM,EQ,143.5,143.5,133.0,133.8,133.0,137.6,33438,4592868.4,05-JAN-2022,1172,INE498A01018,
DCMFINSERV,BE,3.8,4.1,3.8,4.0,4.0,3.95,10026,39933.7,05-JAN-2022,17,INE891B01012,
DCMNVL,EQ,310.4,320.65,305.0,309.4,310.0,305.4,167787,52975231.15,05-JAN-2022,4800,INE08KP01019,
DCMSHRIRAM,EQ,1054.85,1089.0,1006.0,1019.6,1019.0,1058.85,133258,140284853.0,05-JAN-2022,11573,INE499A01024,
DCMSRIND,EQ,98.75,105.0,93.8,94.15,94.3,97.4,225188,21748068.5,05-JAN-2022,4445,INE843D01027,
DCW,EQ,45.9,48.4,45.3,46.65,46.9,46.1,1357849,64028171.55,05-JAN-2022,4718,INE500A01029,
DECCANCE,EQ,610.15,623.0,604.25,617.9,617.0,609.35,23811,14656494.8,05-JAN-2022,2882,INE583C01021,
DEEPAKFERT,EQ,419.5,427.9,415.15,417.35,417.9,415.2,524744,221062486.7,05-JAN-2022,13004,INE501A01019,
DEEPAKNTR,EQ,2515.0,2540.0,2481.05,2524.7,2520.05,2513.55,427392,1075020808.4,05-JAN-2022,29564,INE288B01029,
DEEPENR,EQ,43.9,44.4,42.45,42.9,42.7,43.45,30004,1296074.9,05-JAN-2022,365,INE677H01012,
DEEPINDS,EQ,162.0,163.0,156.6,158.5,158.5,158.2,55629,8820098.25,05-JAN-2022,929,INE0FHS01016,
DELPHIFX,EQ,574.75,582.85,574.75,578.5,580.0,581.0,536,310143.3,05-JAN-2022,75,INE726L01019,
DELTACORP,EQ,256.0,262.6,255.0,259.7,260.2,258.05,2466423,640052342.75,05-JAN-2022,20863,INE124G01033,
DELTAMAGNT,EQ,84.0,87.6,81.25,87.6,87.6,79.65,54625,4708734.6,05-JAN-2022,672,INE393A01011,
DEN,EQ,42.25,44.35,41.8,42.9,42.8,42.2,1418475,61128166.45,05-JAN-2022,4341,INE947J01015,
DENORA,BE,464.95,470.0,451.2,464.25,470.0,461.3,4427,2036202.9,05-JAN-2022,113,INE244A01016,
DESTINY,SM,9.75,9.75,9.25,9.25,9.25,10.05,84000,803100.0,05-JAN-2022,13,INE0IGO01011,
DEVIT,SM,77.5,77.5,77.5,77.5,77.5,77.95,3000,232500.0,05-JAN-2022,1,INE060X01018,
DEVYANI,EQ,172.0,181.8,167.1,178.9,177.3,172.2,6642011,1162856113.75,05-JAN-2022,56074,INE872J01023,
DFMFOODS,EQ,290.2,304.15,285.1,297.7,298.0,294.7,189675,55780467.4,05-JAN-2022,6854,INE456C01020,
DGCONTENT,EQ,17.5,18.25,17.5,18.0,18.0,17.8,26630,476492.3,05-JAN-2022,131,INE03JI01017,
DHAMPURSUG,EQ,343.0,347.5,331.5,333.5,332.5,345.95,1427398,484927725.2,05-JAN-2022,33751,INE041A01016,
DHANBANK,EQ,15.0,15.2,14.8,14.95,14.95,15.0,598033,8973030.9,05-JAN-2022,1541,INE680A01011,
DHANI,EQ,160.45,161.25,157.3,158.2,158.15,161.35,707492,112332780.95,05-JAN-2022,7651,INE274G01010,
DHANILOANS,N3,1000.0,1002.0,1000.0,1001.95,1000.0,1001.99,243,243416.0,05-JAN-2022,6,INE614X07043,
DHANILOANS,N4,1059.2,1065.0,1059.2,1065.0,1065.0,1060.81,55,58309.0,05-JAN-2022,3,INE614X07050,
DHANILOANS,N6,1005.0,1005.0,1005.0,1005.0,1005.0,1005.0,22,22110.0,05-JAN-2022,1,INE614X07076,
DHANILOANS,N7,1055.0,1055.0,1055.0,1055.0,1055.0,1050.0,50,52750.0,05-JAN-2022,1,INE614X07084,
DHANILOANS,N8,1230.0,1230.0,1205.2,1205.2,1205.2,1230.0,100,120637.0,05-JAN-2022,19,INE614X07092,
DHANILOANS,NC,990.8,995.0,985.0,988.0,988.0,981.82,109,107927.4,05-JAN-2022,10,INE614X07159,
DHANILOANS,NF,997.6,997.6,997.35,997.35,997.35,997.65,47,46879.7,05-JAN-2022,5,INE614X07183,
DHANILOANS,NN,1220.0,1220.0,1220.0,1220.0,1220.0,1166.0,100,122000.0,05-JAN-2022,1,INE614X07266,
DHANILOANS,NP,970.0,970.0,945.0,945.0,945.0,1000.0,150,142050.0,05-JAN-2022,4,INE614X07282,
DHANUKA,EQ,754.0,765.75,748.25,752.15,752.2,761.3,95073,71724755.15,05-JAN-2022,7587,INE435G01025,
DHARAMSI,EQ,327.9,327.9,316.05,322.7,322.1,319.9,16388,5257327.1,05-JAN-2022,706,INE505A01010,
DHARSUGAR,EQ,21.85,21.85,21.85,21.85,21.85,19.9,113384,2477440.4,05-JAN-2022,316,INE988C01014,
DHRUV,EQ,60.75,61.05,56.65,61.05,61.05,58.15,76838,4618988.75,05-JAN-2022,658,INE506Z01015,
DHUNINV,EQ,651.0,653.95,625.1,630.35,630.0,648.1,2141,1363901.75,05-JAN-2022,374,INE320L01011,
DIAMONDYD,EQ,845.0,869.4,835.05,852.6,850.0,842.15,47138,40243984.4,05-JAN-2022,7762,INE393P01035,
DICIND,EQ,400.2,405.95,399.05,400.55,401.0,399.4,483,193763.55,05-JAN-2022,86,INE303A01010,
DIGISPICE,EQ,46.15,46.2,44.2,44.95,45.25,46.05,158470,7102296.4,05-JAN-2022,1588,INE927C01020,
DIGJAMLMTD,EQ,283.95,283.95,270.45,283.95,283.95,270.45,80984,22852996.55,05-JAN-2022,1335,INE731U01028,
DISHTV,EQ,17.85,18.45,17.35,17.6,17.6,17.85,11356574,201910587.7,05-JAN-2022,10744,INE836F01026,
DIVISLAB,EQ,4619.9,4630.2,4542.0,4558.45,4557.95,4621.7,510511,2334750234.35,05-JAN-2022,43527,INE361B01024,
DIXON,EQ,5479.0,5479.0,5300.0,5312.95,5325.0,5480.95,356761,1911569928.6,05-JAN-2022,63670,INE935N01020,
DKEGL,SM,41.85,41.9,40.3,40.65,40.65,41.5,33000,1357650.0,05-JAN-2022,11,INE0GN101014,
DLF,EQ,394.45,404.15,391.3,402.05,402.55,394.45,4327617,1719718439.1,05-JAN-2022,52668,INE271C01023,
DLINKINDIA,EQ,177.1,177.9,170.0,171.55,172.0,177.35,745917,128826636.75,05-JAN-2022,12553,INE250K01012,
DMART,EQ,4725.0,4725.0,4646.0,4687.4,4682.0,4726.95,287948,1347157241.25,05-JAN-2022,37216,INE192R01011,
DNAMEDIA,BE,2.55,2.65,2.5,2.65,2.65,2.55,28472,74472.75,05-JAN-2022,72,INE016M01021,
DODLA,EQ,571.4,571.4,553.0,558.75,559.0,553.5,14064,7859438.55,05-JAN-2022,1027,INE021O01019,
DOLATALGO,EQ,86.7,92.0,85.75,88.5,88.25,86.5,514754,46128934.85,05-JAN-2022,5422,INE966A01022,
DOLLAR,EQ,429.9,436.9,424.85,427.95,428.8,426.6,69768,30015079.1,05-JAN-2022,3376,INE325C01035,
DONEAR,EQ,63.5,66.2,63.5,65.9,65.5,64.6,51320,3363136.7,05-JAN-2022,451,INE668D01028,
DPABHUSHAN,EQ,378.0,428.0,378.0,410.0,408.05,391.85,29196,11946297.2,05-JAN-2022,756,INE266Y01019,
DPSCLTD,EQ,17.0,17.5,16.75,17.3,17.5,16.9,520735,8913959.5,05-JAN-2022,1991,INE360C01024,
DPWIRES,EQ,261.55,266.85,252.45,259.55,258.05,263.5,24539,6371263.85,05-JAN-2022,678,INE864X01013,
DRCSYSTEMS,BE,401.1,441.0,401.1,409.85,410.0,420.0,1149,480596.7,05-JAN-2022,51,INE03RS01019,
DREDGECORP,EQ,328.0,337.95,326.4,330.7,330.95,326.65,147056,48892673.4,05-JAN-2022,6489,INE506A01018,
DRREDDY,EQ,4880.0,4904.6,4757.05,4790.4,4790.0,4835.45,536802,2587117835.6,05-JAN-2022,51862,INE089A01023,
DSML,SM,127.5,127.5,127.5,127.5,127.5,127.45,6000,765000.0,05-JAN-2022,1,INE411Y01011,
DSPN50ETF,EQ,178.0,178.25,177.0,177.65,177.65,177.0,2198,391151.35,05-JAN-2022,35,INF740KA1CL0,
DSPNEWETF,EQ,158.9,200.75,158.9,198.61,198.5,197.39,3547,702220.85,05-JAN-2022,129,INF740KA1QK2,
DSPQ50ETF,EQ,183.0,183.0,179.1,181.39,182.1,181.55,40308,7297306.04,05-JAN-2022,168,INF740KA1QL0,
DSSL,EQ,161.5,161.5,156.3,158.15,159.9,159.9,29359,4657959.6,05-JAN-2022,1074,INE417B01040,
DTIL,EQ,282.9,282.9,272.0,275.0,274.05,281.85,13025,3594703.8,05-JAN-2022,906,INE341R01014,
DUCON,BE,24.65,24.65,24.65,24.65,24.65,23.5,65803,1622043.95,05-JAN-2022,136,INE741L01018,
DUDIGITAL,SM,174.8,174.8,174.8,174.8,174.8,184.0,2000,349600.0,05-JAN-2022,1,INE0HPK01012,
DVL,EQ,251.85,255.6,243.1,251.9,252.0,248.3,43553,10951221.3,05-JAN-2022,1399,INE477B01010,
DWARKESH,EQ,88.8,90.7,83.55,84.25,84.2,87.45,16199131,1407660256.15,05-JAN-2022,83700,INE366A01041,
DYNAMATECH,EQ,2215.0,2215.0,2120.0,2127.15,2130.0,2181.7,4374,9444402.25,05-JAN-2022,625,INE221B01012,
DYNPRO,EQ,650.0,653.35,621.1,625.75,625.2,649.45,75798,47968094.6,05-JAN-2022,5284,INE256H01015,
E2E,SM,77.0,79.8,77.0,79.8,79.8,76.0,14000,1106000.0,05-JAN-2022,7,INE255Z01019,
EASEMYTRIP,EQ,542.0,562.0,536.4,550.15,550.1,544.75,671126,368987553.65,05-JAN-2022,16772,INE07O001018,
EASTSILK,BE,11.9,11.9,11.35,11.35,11.35,11.9,235399,2687375.95,05-JAN-2022,945,INE962C01027,
EBANK,EQ,3946.85,3946.85,3790.35,3819.71,3819.71,3796.66,14,54023.31,05-JAN-2022,6,INF754K01EL1,
EBBETF0423,EQ,1160.0,1168.0,1157.07,1160.85,1158.3,1160.48,17368,20193727.96,05-JAN-2022,124,INF754K01KN4,
EBBETF0425,EQ,1073.59,1076.0,1073.57,1074.98,1075.49,1075.48,4029,4331549.03,05-JAN-2022,62,INF754K01LD3,
EBBETF0430,EQ,1204.0,1204.0,1190.0,1192.35,1192.75,1193.44,18468,22034128.15,05-JAN-2022,194,INF754K01KO2,
EBBETF0431,EQ,1071.99,1071.99,1070.0,1071.1,1071.37,1071.17,6799,7280636.29,05-JAN-2022,86,INF754K01LE1,
EC5RG,MF,16.95,16.95,16.95,16.95,16.95,16.65,26550,450022.5,05-JAN-2022,94,INF903JA1EL2,
ECLERX,EQ,2792.7,2927.0,2770.0,2814.65,2819.0,2780.4,228368,650464655.0,05-JAN-2022,33731,INE738I01010,
ECLFINANCE,NG,980.0,985.0,975.0,980.1,980.1,980.0,436,427373.85,05-JAN-2022,12,INE804I075Y4,
ECLFINANCE,NH,1290.05,1293.0,1290.05,1293.0,1293.0,1319.99,2,2583.05,05-JAN-2022,2,INE804I076Y2,
ECLFINANCE,NI,1004.0,1004.0,1004.0,1004.0,1004.0,1004.0,47,47188.0,05-JAN-2022,1,INE804I077Y0,
ECLFINANCE,NJ,933.0,942.0,932.0,939.67,942.0,934.86,702,658734.42,05-JAN-2022,10,INE804I078Y8,
ECLFINANCE,NK,939.65,939.65,930.0,932.0,932.0,933.99,1283,1199180.6,05-JAN-2022,32,INE804I079Y6,
ECLFINANCE,NM,998.8,1003.0,998.8,999.0,999.0,995.1,268,268200.1,05-JAN-2022,19,INE804I075Z1,
ECLFINANCE,NN,1330.23,1335.0,1330.23,1330.49,1330.49,1330.0,255,340262.84,05-JAN-2022,8,INE804I076Z9,
ECLFINANCE,NO,999.99,1000.0,993.7,996.4,996.0,997.04,530,527280.86,05-JAN-2022,12,INE804I077Z7,
ECLFINANCE,NP,989.0,994.0,985.0,994.0,994.0,985.0,408,403814.46,05-JAN-2022,14,INE804I078Z5,
ECLFINANCE,NQ,1298.0,1298.0,1290.0,1293.17,1297.0,1300.0,122,157940.26,05-JAN-2022,6,INE804I079Z3,
ECLFINANCE,NR,1006.0,1008.5,1004.0,1005.1,1008.5,1006.0,554,557025.16,05-JAN-2022,14,INE804IA7014,
ECLFINANCE,NS,964.0,980.0,950.0,975.47,970.0,979.99,212,204033.2,05-JAN-2022,18,INE804IA7022,
EDELWEISS,EQ,74.75,76.6,74.05,74.8,74.65,75.0,998159,75092486.8,05-JAN-2022,10602,INE532F01054,
EDUCOMP,BZ,6.95,6.95,6.35,6.4,6.45,6.65,927868,6130540.95,05-JAN-2022,1597,INE216H01027,
EHFLNCD,N5,972.09,975.0,965.0,975.0,975.0,975.0,385,373442.36,05-JAN-2022,24,INE530L07210,
EHFLNCD,N6,956.07,958.0,952.0,958.0,958.0,960.0,948,903960.25,05-JAN-2022,24,INE530L07228,
EICHERMOT,EQ,2691.0,2790.0,2691.0,2778.6,2773.65,2705.0,1040082,2865571417.15,05-JAN-2022,60948,INE066A01021,
EIDPARRY,EQ,491.6,495.8,478.0,481.0,481.6,500.75,523096,254366104.6,05-JAN-2022,22090,INE126A01031,
EIFFL,EQ,151.95,152.0,140.5,141.25,140.5,147.85,5328,762828.0,05-JAN-2022,160,INE546V01010,
EIHAHOTELS,EQ,333.0,338.5,329.95,334.35,336.0,334.85,9644,3220512.15,05-JAN-2022,806,INE276C01014,
EIHOTEL,EQ,126.1,127.7,124.6,127.15,127.15,127.05,242351,30562086.35,05-JAN-2022,5276,INE230A01023,
EIMCOELECO,EQ,338.0,345.75,333.5,342.3,342.7,334.4,7236,2477953.3,05-JAN-2022,367,INE158B01016,
EKC,EQ,247.45,247.45,233.8,240.15,239.0,246.1,646155,153776670.7,05-JAN-2022,8616,INE184H01027,
ELECON,EQ,188.75,202.75,187.75,197.45,197.2,188.8,1391090,275223624.85,05-JAN-2022,27469,INE205B01023,
ELECTCAST,EQ,35.5,36.65,35.0,35.35,35.45,35.95,627794,22354285.35,05-JAN-2022,2512,INE086A01029,
ELECTHERM,EQ,135.5,140.0,132.0,133.35,132.05,137.2,38275,5173554.2,05-JAN-2022,1215,INE822G01016,
ELGIEQUIP,EQ,307.9,319.75,305.0,316.95,317.0,309.5,344256,108329718.85,05-JAN-2022,14130,INE285A01027,
ELGIRUBCO,EQ,39.8,39.8,38.2,38.95,38.8,38.55,40501,1570503.0,05-JAN-2022,249,INE819L01012,
EMAMILTD,EQ,515.8,521.5,507.35,511.05,510.0,514.9,395469,202954535.55,05-JAN-2022,15070,INE548C01032,
EMAMIPAP,EQ,138.95,155.45,137.85,149.25,149.4,137.95,426722,64348141.9,05-JAN-2022,9357,INE830C01026,
EMAMIREAL,BE,89.75,89.75,86.5,87.7,88.45,88.0,54614,4789726.9,05-JAN-2022,581,INE778K01012,
EMBASSY,RR,347.8,350.0,342.25,349.08,349.13,346.2,248391,86529962.42,05-JAN-2022,6649,INE041025011,
EMKAY,EQ,107.8,112.6,106.45,110.1,110.4,106.25,146819,16152952.35,05-JAN-2022,3029,INE296H01011,
EMMBI,EQ,107.0,108.95,104.0,104.6,104.4,105.45,56037,5978018.55,05-JAN-2022,1079,INE753K01015,
ENDURANCE,EQ,1705.0,1727.0,1672.6,1713.3,1700.55,1709.2,55585,94655077.3,05-JAN-2022,11264,INE913H01037,
ENERGYDEV,BE,36.4,36.4,36.4,36.4,36.4,38.3,74727,2720062.8,05-JAN-2022,639,INE306C01019,
ENGINERSIN,EQ,70.0,71.9,69.5,70.8,70.85,70.2,1603019,113498789.05,05-JAN-2022,8047,INE510A01028,
ENIL,EQ,171.4,174.65,170.2,171.4,172.4,171.85,16458,2834819.9,05-JAN-2022,377,INE265F01028,
EPL,EQ,207.5,209.2,203.55,204.5,204.95,206.45,123785,25496973.65,05-JAN-2022,3969,INE255A01020,
EQUIPPP,EQ,100.0,100.7,94.6,95.0,96.2,99.55,62646,6002492.9,05-JAN-2022,1604,INE217G01035,
EQUITAS,EQ,115.0,116.35,113.6,115.55,115.6,114.75,1052370,121056730.7,05-JAN-2022,8055,INE988K01017,
EQUITASBNK,EQ,59.15,59.95,59.05,59.35,59.35,59.3,382630,22779364.35,05-JAN-2022,2666,INE063P01018,
ERFLNCDI,N4,1040.65,1040.65,1032.0,1032.0,1032.0,1023.0,150,155232.5,05-JAN-2022,2,INE528S07102,
ERFLNCDI,N5,899.0,899.0,896.0,896.0,896.0,899.8,80,71770.0,05-JAN-2022,3,INE528S07110,
ERFLNCDI,N6,940.0,940.0,940.0,940.0,940.0,940.8,100,94000.0,05-JAN-2022,1,INE528S07128,
ERIS,EQ,750.3,771.65,743.55,758.65,756.35,756.7,95253,71978117.35,05-JAN-2022,8999,INE406M01024,
EROSMEDIA,EQ,19.5,19.5,18.9,18.95,18.9,19.4,303114,5773122.1,05-JAN-2022,1002,INE416L01017,
ESABINDIA,EQ,3514.0,3615.0,3425.05,3520.4,3521.0,3476.25,17018,60578969.95,05-JAN-2022,5214,INE284A01012,
ESCORTS,EQ,1894.0,1896.45,1880.0,1882.1,1882.0,1893.35,561073,1057491908.45,05-JAN-2022,24458,INE042A01014,
ESSARSHPNG,EQ,14.25,14.25,13.15,13.45,13.4,13.9,1100936,14806682.0,05-JAN-2022,3006,INE122M01019,
ESTER,EQ,132.6,135.95,130.5,133.2,132.7,132.5,126852,16962707.15,05-JAN-2022,2958,INE778B01029,
EUROBOND,ST,70.05,72.1,70.05,71.55,71.7,71.3,116000,8287100.0,05-JAN-2022,42,INE505V01016,
EVEREADY,EQ,314.95,316.5,311.85,313.85,313.4,314.95,532346,167131709.0,05-JAN-2022,3553,INE128A01029,
EVERESTIND,EQ,608.95,632.3,597.9,614.65,611.1,616.25,238825,147180102.7,05-JAN-2022,11270,INE295A01018,
EXCEL,BE,10.5,10.5,10.5,10.5,10.5,10.0,512338,5379549.0,05-JAN-2022,728,INE688J01015,
EXCELINDUS,EQ,908.85,929.0,908.6,916.3,915.0,904.3,9204,8473132.25,05-JAN-2022,1343,INE369A01029,
EXIDEIND,EQ,170.25,172.4,169.4,170.5,170.15,170.05,1971454,337148194.4,05-JAN-2022,20745,INE302A01020,
EXPLEOSOL,EQ,1820.0,1874.0,1753.35,1777.15,1779.8,1817.05,29851,54429662.4,05-JAN-2022,3177,INE201K01015,
EXXARO,EQ,143.1,143.8,141.25,141.85,141.6,143.05,77665,11055453.4,05-JAN-2022,2114,INE0GFE01018,
FACT,EQ,136.3,142.65,133.85,135.1,134.4,136.5,766970,106056908.05,05-JAN-2022,13624,INE188A01015,
FAIRCHEMOR,EQ,1748.0,1777.0,1742.65,1755.15,1755.0,1737.75,22815,40158681.05,05-JAN-2022,4003,INE0DNW01011,
FCL,EQ,135.95,140.8,133.05,135.35,135.45,135.55,1218182,166471223.4,05-JAN-2022,17011,INE045J01026,
FCONSUMER,EQ,7.6,7.7,7.45,7.5,7.5,7.8,9310587,70170277.85,05-JAN-2022,7258,INE220J01025,
FCSSOFT,BE,5.55,5.55,5.55,5.55,5.55,5.3,1397250,7754737.5,05-JAN-2022,1046,INE512B01022,
FDC,EQ,304.2,304.2,298.65,300.85,299.75,302.65,94797,28472211.5,05-JAN-2022,3237,INE258B01022,
FEDERALBNK,EQ,88.45,90.35,87.75,90.05,90.0,88.5,18419964,1646564472.25,05-JAN-2022,54811,INE171A01029,
FEL,EQ,10.25,10.3,9.8,10.05,10.1,10.4,1736944,17450771.6,05-JAN-2022,2512,INE623B01027,
FELDVR,EQ,13.7,14.4,13.55,13.9,14.05,14.2,161796,2242666.35,05-JAN-2022,584,IN9623B01058,
FIEMIND,EQ,1168.0,1174.95,1145.0,1148.05,1150.8,1163.55,20569,23761797.9,05-JAN-2022,2854,INE737H01014,
FILATEX,EQ,97.1,107.8,96.55,104.65,104.2,97.1,5362401,561768596.45,05-JAN-2022,30923,INE816B01027,
FILDF2GP,MF,1.5,1.5,1.48,1.48,1.48,1.4,72,106.58,05-JAN-2022,4,INF090I01UG0,
FINCABLES,EQ,545.9,549.3,531.2,534.75,534.0,542.85,120732,65346771.35,05-JAN-2022,10987,INE235A01022,
FINEORG,EQ,3843.0,3850.0,3761.05,3777.55,3780.0,3830.85,12317,46810502.2,05-JAN-2022,3420,INE686Y01026,
FINOPB,EQ,388.95,423.4,382.65,412.1,409.9,385.2,601063,244533454.5,05-JAN-2022,26688,INE02NC01014,
FINPIPE,EQ,208.2,209.75,203.1,203.85,203.85,207.45,566224,116504966.75,05-JAN-2022,28994,INE183A01024,
FLEXITUFF,EQ,24.35,24.8,22.7,24.8,24.8,23.65,67345,1641727.3,05-JAN-2022,255,INE060J01017,
FLFL,EQ,50.4,51.6,50.4,51.4,51.5,52.3,594650,30189195.05,05-JAN-2022,3389,INE452O01016,
FLUOROCHEM,EQ,2590.0,2739.0,2590.0,2704.75,2723.45,2575.7,230126,620518064.75,05-JAN-2022,24368,INE09N301011,
FMGOETZE,EQ,234.0,239.45,227.0,232.1,232.7,235.15,122574,28801418.5,05-JAN-2022,4789,INE529A01010,
FMNL,EQ,9.25,9.65,9.25,9.45,9.4,9.7,295375,2777236.15,05-JAN-2022,630,INE360L01017,
FOCE,ST,220.5,220.5,215.0,215.0,215.0,225.65,2400,525900.0,05-JAN-2022,4,INE0I7D01019,
FOCUS,EQ,86.35,86.4,80.75,83.0,83.0,85.0,4649,379004.5,05-JAN-2022,125,INE593W01010,
FOODSIN,EQ,87.9,87.9,85.2,86.45,87.0,87.9,30820,2661092.45,05-JAN-2022,552,INE976E01023,
FORCEMOT,EQ,1258.65,1295.0,1240.0,1244.65,1243.8,1250.55,169350,214978978.4,05-JAN-2022,15125,INE451A01017,
FORTIS,EQ,302.5,302.5,292.55,293.9,293.5,304.25,2681296,792436354.45,05-JAN-2022,35845,INE061F01013,
FOSECOIND,EQ,1450.0,1500.0,1448.35,1464.75,1468.0,1452.6,1927,2830279.8,05-JAN-2022,346,INE519A01011,
FRETAIL,EQ,50.0,51.6,48.8,50.5,50.6,51.65,4458190,223525557.8,05-JAN-2022,15575,INE752P01024,
FSC,EQ,71.85,74.4,66.3,70.95,70.8,72.75,144074,10095941.1,05-JAN-2022,2325,INE935Q01015,
FSL,EQ,185.0,185.5,179.65,180.25,180.7,185.85,4752247,860972371.1,05-JAN-2022,27295,INE684F01012,
GABRIEL,EQ,139.85,142.0,138.25,139.8,140.2,140.25,275320,38565461.2,05-JAN-2022,6013,INE524A01029,
GAEL,EQ,166.0,171.45,163.05,168.3,167.45,165.15,337780,56951861.35,05-JAN-2022,5895,INE036B01030,
GAIL,EQ,133.95,136.5,132.55,136.05,135.9,132.8,12163177,1641537058.25,05-JAN-2022,97107,INE129A01019,
GAL,BE,6.6,6.6,6.3,6.6,6.6,6.3,1215800,7854937.9,05-JAN-2022,1662,INE482J01021,
GALAXYSURF,EQ,3105.05,3159.65,3079.0,3142.4,3144.6,3135.95,33285,104154585.55,05-JAN-2022,9128,INE600K01018,
GALLANTT,EQ,73.8,74.85,73.0,73.45,73.5,73.7,49238,3644778.9,05-JAN-2022,883,INE297H01019,
GALLISPAT,EQ,50.35,52.4,50.35,51.65,51.7,51.05,55314,2850656.1,05-JAN-2022,918,INE528K01029,
GANDHITUBE,EQ,379.0,380.75,365.45,376.85,377.5,374.7,5116,1919970.2,05-JAN-2022,262,INE524B01027,
GANECOS,EQ,554.9,623.95,535.25,589.65,587.9,541.95,1549467,899895600.2,05-JAN-2022,51534,INE845D01014,
GANESHBE,EQ,102.25,103.9,100.5,102.3,102.0,102.25,110651,11354307.15,05-JAN-2022,2014,INE388A01029,
GANESHHOUC,EQ,215.0,220.0,214.9,216.05,215.5,218.65,37548,8157541.35,05-JAN-2022,996,INE460C01014,
GANGAFORGE,EQ,21.0,21.2,20.2,20.85,20.55,21.0,860314,17899299.0,05-JAN-2022,13748,INE691Z01023,
GANGESSECU,EQ,94.85,94.85,88.3,89.65,88.8,90.55,15044,1356058.05,05-JAN-2022,306,INE335W01016,
GARFIBRES,EQ,3241.0,3272.9,3192.6,3215.7,3223.0,3263.05,9955,32063358.2,05-JAN-2022,3473,INE276A01018,
GATI,EQ,185.0,190.0,183.1,185.0,185.25,186.4,969365,180068556.55,05-JAN-2022,12591,INE152B01027,
GAYAPROJ,EQ,29.45,30.15,29.0,29.2,29.3,29.35,1598358,46946370.4,05-JAN-2022,4838,INE336H01023,
GEECEE,EQ,161.6,167.6,158.25,160.4,162.0,161.1,57921,9472091.95,05-JAN-2022,1909,INE916G01016,
GEEKAYWIRE,EQ,78.35,79.55,77.65,78.95,79.05,78.85,4930,388595.75,05-JAN-2022,196,INE669X01016,
GENCON,EQ,39.5,39.95,38.2,38.65,38.5,39.7,42798,1667211.05,05-JAN-2022,614,INE854S01022,
GENESYS,EQ,284.4,293.4,275.4,284.25,282.05,283.4,28670,8255021.2,05-JAN-2022,931,INE727B01026,
GENUSPAPER,EQ,13.15,13.6,12.75,12.95,12.95,12.9,902265,11881044.05,05-JAN-2022,2519,INE949P01018,
GENUSPOWER,EQ,70.35,71.4,69.2,70.3,70.15,70.9,497335,35075164.95,05-JAN-2022,4612,INE955D01029,
GEOJITFSL,EQ,76.45,79.0,75.8,76.55,76.7,76.05,394971,30445097.45,05-JAN-2022,4530,INE007B01023,
GEPIL,EQ,260.6,262.2,256.5,257.65,257.2,260.6,38105,9860257.7,05-JAN-2022,1369,INE878A01011,
GESHIP,EQ,300.9,304.0,294.85,296.05,296.0,300.0,254867,76106163.6,05-JAN-2022,8232,INE017A01032,
GET&D,EQ,135.0,135.65,128.6,131.85,132.05,134.85,240950,31645629.55,05-JAN-2022,5652,INE200A01026,
GFLLIMITED,EQ,73.75,73.9,72.5,72.65,72.6,73.2,21298,1557678.75,05-JAN-2022,442,INE538A01037,
GFSTEELS,BE,5.25,5.25,4.75,5.25,5.25,5.0,10625,54231.25,05-JAN-2022,27,INE534A01028,
GHCL,EQ,379.0,392.25,378.0,383.2,384.0,378.8,180399,69366624.0,05-JAN-2022,6473,INE539A01019,
GICHSGFIN,EQ,152.0,157.5,151.85,155.55,156.0,151.95,179831,27854694.75,05-JAN-2022,2560,INE289B01019,
GICL,SM,20.45,20.45,18.75,20.45,20.45,19.5,22500,447375.0,05-JAN-2022,3,INE947T01014,
GICRE,EQ,140.0,144.25,138.75,142.65,142.35,139.3,2361842,338306071.15,05-JAN-2022,23690,INE481Y01014,
GILLANDERS,EQ,61.85,62.9,59.55,61.35,62.6,61.8,12606,768895.0,05-JAN-2022,165,INE047B01011,
GILLETTE,EQ,5280.0,5447.8,5275.1,5317.25,5327.95,5274.25,3126,16640582.05,05-JAN-2022,899,INE322A01010,
GINNIFILA,EQ,48.0,48.9,46.0,46.45,46.5,47.5,348419,16371033.0,05-JAN-2022,2923,INE424C01010,
GIPCL,EQ,82.6,83.3,81.75,82.65,82.9,82.8,187392,15490600.15,05-JAN-2022,2034,INE162A01010,
GIRIRAJ,SM,99.0,100.0,99.0,100.0,100.0,101.0,32400,3216000.0,05-JAN-2022,2,INE614Z01017,
GKWLIMITED,EQ,627.25,628.0,610.0,621.75,623.0,609.55,585,362608.95,05-JAN-2022,84,INE528A01020,
GLAND,EQ,3915.0,3991.0,3892.05,3941.8,3949.95,3885.55,189457,750770659.45,05-JAN-2022,28346,INE068V01023,
GLAXO,EQ,1747.5,1759.75,1697.6,1703.4,1703.95,1734.05,47183,80958728.5,05-JAN-2022,8172,INE159A01016,
GLENMARK,EQ,517.2,521.5,510.7,519.35,520.0,517.0,936152,483677954.25,05-JAN-2022,18899,INE935A01035,
GLOBAL,EQ,70.25,73.95,68.0,71.8,72.0,72.0,41120,2885212.2,05-JAN-2022,695,INE291W01011,
GLOBALVECT,BE,68.8,68.8,65.4,65.4,65.4,68.8,32722,2155577.3,05-JAN-2022,233,INE792H01019,
GLOBE,EQ,14.75,15.25,14.0,14.3,14.3,14.75,1292998,18524771.35,05-JAN-2022,3777,INE581X01021,
GLOBUSSPR,EQ,1448.8,1564.85,1420.0,1532.05,1538.0,1436.5,961385,1455398651.95,05-JAN-2022,54478,INE615I01010,
GLS,EQ,615.0,618.3,609.0,609.9,610.0,617.45,100184,61193403.55,05-JAN-2022,4025,INE03Q201024,
GMBREW,EQ,854.0,887.85,853.0,866.65,868.5,851.15,324514,282929986.9,05-JAN-2022,17045,INE075D01018,
GMDCLTD,EQ,73.75,75.1,73.3,74.05,74.1,73.75,642842,47754030.7,05-JAN-2022,5222,INE131A01031,
GMMPFAUDLR,EQ,5143.0,5223.3,5010.0,5063.45,5050.0,5113.1,80495,411065607.0,05-JAN-2022,14754,INE541A01023,
GMRINFRA,EQ,48.3,49.15,47.0,47.3,47.45,48.2,33613931,1618910829.65,05-JAN-2022,76448,INE776C01039,
GNA,EQ,738.0,762.0,727.8,747.6,747.5,736.05,84913,63414878.5,05-JAN-2022,6072,INE934S01014,
GNFC,EQ,471.8,479.55,458.25,462.75,460.7,467.2,3001315,1413809630.9,05-JAN-2022,47893,INE113A01013,
GOACARBON,EQ,390.0,397.7,381.2,384.2,385.9,392.4,58215,22696909.85,05-JAN-2022,2647,INE426D01013,
GOCLCORP,EQ,313.95,314.0,306.45,309.6,308.0,309.5,32464,10053667.05,05-JAN-2022,1059,INE077F01035,
GOCOLORS,EQ,1065.0,1070.95,1042.65,1049.0,1048.0,1046.7,163029,172107970.4,05-JAN-2022,8963,INE0BJS01011,
GODFRYPHLP,EQ,1146.75,1150.0,1125.45,1142.45,1138.7,1141.0,16490,18760185.0,05-JAN-2022,2384,INE260B01028,
GODHA,EQ,83.0,83.0,78.0,80.15,81.0,79.05,28163,2282558.85,05-JAN-2022,294,INE925Y01010,
GODREJAGRO,EQ,530.0,537.95,527.0,528.75,529.5,531.7,60617,32246270.7,05-JAN-2022,3902,INE850D01014,
GODREJCP,EQ,950.0,956.3,941.2,954.55,951.95,949.7,280753,266621119.45,05-JAN-2022,14210,INE102D01028,
GODREJIND,EQ,627.8,631.6,619.0,621.3,620.45,627.8,377122,234863064.95,05-JAN-2022,3693,INE233A01035,
GODREJPROP,EQ,1890.0,1928.95,1870.0,1920.7,1924.0,1890.3,586019,1116257183.1,05-JAN-2022,25049,INE484J01027,
GOENKA,BZ,1.95,1.95,1.95,1.95,1.95,1.9,86746,169154.7,05-JAN-2022,53,INE516K01024,
GOKEX,EQ,323.9,344.8,322.7,331.4,329.95,322.65,350806,117877897.55,05-JAN-2022,14612,INE887G01027,
GOKUL,EQ,41.8,41.95,40.1,40.55,40.4,41.25,369653,15154199.55,05-JAN-2022,2835,INE020J01029,
GOKULAGRO,EQ,66.0,69.15,65.8,69.15,69.15,65.9,194647,13370377.95,05-JAN-2022,1614,INE314T01025,
GOLDBEES,EQ,41.98,43.0,41.36,41.56,41.57,41.46,2839093,118044301.68,05-JAN-2022,24280,INF204KB17I5,
GOLDENTOBC,EQ,123.9,123.9,117.05,121.25,121.6,121.9,12840,1544907.85,05-JAN-2022,461,INE973A01010,
GOLDIAM,EQ,888.8,888.8,870.1,877.8,883.4,889.1,44258,38824978.55,05-JAN-2022,4620,INE025B01017,
GOLDSHARE,EQ,41.7,41.7,41.4,41.5,41.45,41.4,47888,1988362.7,05-JAN-2022,337,INF789F1AUX7,
GOLDTECH,BE,88.7,96.95,87.75,96.4,96.95,92.35,164367,15123376.55,05-JAN-2022,1265,INE805A01014,
GOODLUCK,EQ,348.5,370.55,347.0,370.55,370.55,352.95,229783,83687792.0,05-JAN-2022,3792,INE127I01024,
GOODYEAR,EQ,983.9,993.65,974.45,983.9,989.1,983.9,8116,7997357.65,05-JAN-2022,802,INE533A01012,
GPIL,EQ,275.0,276.4,270.0,271.15,271.85,272.2,199269,54262093.4,05-JAN-2022,3484,INE177H01021,
GPPL,EQ,98.85,99.75,98.65,99.0,99.0,98.85,397842,39425242.15,05-JAN-2022,3769,INE517F01014,
GPTINFRA,EQ,83.9,85.9,81.0,84.4,84.8,83.0,63143,5281743.8,05-JAN-2022,847,INE390G01014,
GRANULES,EQ,325.8,334.9,323.25,327.1,327.3,325.6,1266954,417655411.95,05-JAN-2022,16796,INE101D01020,
GRAPHITE,EQ,509.8,518.8,506.0,507.9,507.3,508.5,959043,489847748.15,05-JAN-2022,25192,INE371A01025,
GRASIM,EQ,1685.0,1753.1,1684.0,1747.05,1743.8,1692.0,1764235,3044793214.4,05-JAN-2022,44197,INE047A01021,
GRAUWEIL,EQ,66.8,68.5,65.1,65.45,65.4,66.55,839722,55838180.35,05-JAN-2022,10166,INE266D01021,
GRAVITA,EQ,320.4,320.9,303.0,305.2,305.75,318.0,457479,141658382.85,05-JAN-2022,11561,INE024L01027,
GREAVESCOT,EQ,155.0,171.4,152.2,162.15,161.5,154.35,20469261,3368634924.95,05-JAN-2022,139521,INE224A01026,
GREENLAM,EQ,1805.0,1805.0,1760.0,1772.05,1770.65,1761.55,9919,17616950.6,05-JAN-2022,2276,INE544R01013,
GREENPANEL,EQ,426.35,447.8,419.7,443.45,444.1,426.35,418867,182107163.6,05-JAN-2022,16122,INE08ZM01014,
GREENPLY,EQ,209.35,215.5,208.25,210.15,210.0,208.25,315813,66800127.7,05-JAN-2022,9101,INE461C01038,
GREENPOWER,BE,22.4,22.4,21.8,22.4,22.4,21.35,7656763,171386605.35,05-JAN-2022,19127,INE999K01014,
GRINDWELL,EQ,1937.6,1940.0,1910.0,1926.75,1925.15,1937.6,45902,88694554.35,05-JAN-2022,12690,INE536A01023,
GRINFRA,EQ,1766.0,1815.0,1750.05,1786.75,1790.8,1774.95,20267,36183657.65,05-JAN-2022,4029,INE201P01022,
GROBTEA,EQ,978.45,1007.0,955.2,969.15,955.2,982.2,718,707406.8,05-JAN-2022,91,INE646C01018,
GRPLTD,EQ,1048.5,1268.3,1046.5,1268.3,1268.3,1056.95,22794,27587907.8,05-JAN-2022,2208,INE137I01015,
GRSE,EQ,226.25,232.5,222.05,231.55,230.9,225.15,300591,69066925.65,05-JAN-2022,4973,INE382Z01011,
GSCLCEMENT,EQ,43.25,45.2,43.1,44.1,44.35,43.95,166450,7340446.55,05-JAN-2022,1539,INE542A01039,
GSFC,EQ,125.4,127.5,122.4,122.9,122.5,124.95,2572185,322198887.5,05-JAN-2022,19416,INE026A01025,
GSPL,EQ,300.5,310.0,299.35,307.1,308.5,299.8,1072611,329130469.9,05-JAN-2022,20098,INE246F01010,
GSS,BE,114.0,118.5,112.05,116.35,117.4,114.85,37468,4325144.7,05-JAN-2022,417,INE871H01011,
GTL,EQ,24.05,25.75,23.65,23.75,23.7,24.85,8275072,199172412.4,05-JAN-2022,11059,INE043A01012,
GTLINFRA,BE,2.3,2.4,2.2,2.35,2.3,2.3,226486698,531118493.7,05-JAN-2022,96580,INE221H01019,
GTNTEX,BE,16.15,16.15,15.55,16.15,16.15,16.15,6424,103447.6,05-JAN-2022,22,INE302H01017,
GTPL,EQ,265.0,273.0,262.15,271.55,272.9,264.65,52747,14214519.7,05-JAN-2022,1694,INE869I01013,
GUFICBIO,EQ,240.55,245.5,235.25,240.3,240.0,241.35,430400,103236483.15,05-JAN-2022,10213,INE742B01025,
GUJALKALI,EQ,670.0,674.05,653.0,655.6,654.0,667.95,139708,92554680.4,05-JAN-2022,7228,INE186A01019,
GUJAPOLLO,EQ,217.75,224.7,215.9,218.9,219.9,216.25,15815,3484188.55,05-JAN-2022,776,INE826C01016,
GUJGASLTD,EQ,645.0,648.8,640.05,642.3,643.85,649.6,369156,237663604.35,05-JAN-2022,13431,INE844O01030,
GUJRAFFIA,BE,40.9,42.35,40.9,42.15,42.0,40.35,10341,434903.35,05-JAN-2022,105,INE610B01024,
GULFOILLUB,EQ,458.0,469.0,454.85,463.8,464.0,457.4,107756,49957633.4,05-JAN-2022,4049,INE635Q01029,
GULFPETRO,EQ,47.7,47.7,44.0,46.25,46.3,46.85,68666,3173702.7,05-JAN-2022,918,INE586G01017,
GULPOLY,EQ,298.0,307.95,285.25,299.05,299.5,293.3,144113,43632850.1,05-JAN-2022,3113,INE255D01024,
HAL,EQ,1254.9,1278.85,1240.1,1269.7,1275.05,1248.6,757285,955014418.55,05-JAN-2022,19660,INE066F01012,
HAPPSTMNDS,EQ,1342.0,1343.95,1310.95,1320.95,1321.85,1340.4,216218,286456712.55,05-JAN-2022,16999,INE419U01012,
HARRMALAYA,EQ,164.5,164.6,160.55,161.25,161.45,164.7,34137,5533415.8,05-JAN-2022,1129,INE544A01019,
HATHWAY,EQ,21.95,22.8,21.75,22.3,22.25,21.95,4419014,98096380.7,05-JAN-2022,7495,INE982F01036,
HATSUN,EQ,1267.0,1283.55,1235.25,1245.1,1244.0,1256.0,27032,33965174.15,05-JAN-2022,3152,INE473B01035,
HAVELLS,EQ,1399.95,1410.95,1392.05,1400.1,1400.05,1401.3,473752,662305529.7,05-JAN-2022,20281,INE176B01034,
HAVISHA,BE,2.8,2.8,2.8,2.8,2.8,2.7,47984,134355.2,05-JAN-2022,50,INE293B01029,
HBANKETF,EQ,367.31,378.67,367.31,377.12,377.8,366.66,11722,4385016.81,05-JAN-2022,208,INF179KC1AN8,
HBLPOWER,EQ,62.5,64.65,62.1,62.6,62.75,62.5,758444,47937962.25,05-JAN-2022,6296,INE292B01021,
HBSL,EQ,64.6,71.3,64.6,71.3,71.3,67.95,300768,20905001.4,05-JAN-2022,1420,INE550B01022,
HCC,EQ,16.1,16.75,15.8,16.55,16.5,16.15,12251937,200160261.9,05-JAN-2022,13528,INE549A01026,
HCG,EQ,245.0,245.5,238.0,240.8,240.95,243.8,164317,39482478.1,05-JAN-2022,6075,INE075I01017,
HCL-INSYS,EQ,23.8,24.0,22.3,22.4,22.75,23.45,2777860,63613710.0,05-JAN-2022,9608,INE236A01020,
HCLTECH,EQ,1329.0,1330.0,1302.0,1310.75,1311.35,1333.45,3510253,4598710306.1,05-JAN-2022,150826,INE860A01027,
HDFC,EQ,2680.95,2695.45,2652.3,2673.65,2672.0,2675.3,3743882,10018252554.1,05-JAN-2022,163505,INE001A01036,
HDFC,W3,800.0,808.0,800.0,808.0,808.0,808.0,11400,9153330.0,05-JAN-2022,19,INE001A13049,
HDFCAMC,EQ,2480.0,2491.0,2466.9,2479.65,2477.65,2475.8,131020,325196140.8,05-JAN-2022,12036,INE127D01025,
HDFCBANK,EQ,1536.8,1572.0,1528.1,1564.85,1562.1,1528.55,7166319,11142988763.2,05-JAN-2022,208851,INE040A01034,
HDFCLIFE,EQ,655.0,658.25,650.65,653.55,654.5,653.15,3326875,2175409412.2,05-JAN-2022,66032,INE795G01014,
HDFCMFGETF,EQ,42.65,42.84,42.61,42.7,42.72,42.54,279656,11936446.96,05-JAN-2022,861,INF179KC1981,
HDFCNIFETF,EQ,190.5,192.28,189.18,191.19,190.8,190.18,20956,4006107.28,05-JAN-2022,613,INF179KC1965,
HDFCSENETF,EQ,625.8,644.9,625.8,643.32,642.66,638.54,2665,1710715.49,05-JAN-2022,178,INF179KC1973,
HDIL,BZ,5.95,6.0,5.7,5.8,5.8,5.9,576688,3353853.55,05-JAN-2022,947,INE191I01012,
HEALTHY,EQ,8.8,9.15,8.8,8.88,8.9,8.88,73943,657245.57,05-JAN-2022,2310,INF209KB10C2,
HECPROJECT,EQ,29.15,31.6,28.8,31.6,31.6,30.1,34316,1062542.45,05-JAN-2022,198,INE558R01013,
HEG,EQ,1809.5,1845.1,1781.7,1824.85,1822.0,1804.05,336637,611368685.35,05-JAN-2022,27576,INE545A01016,
HEIDELBERG,EQ,227.25,231.65,224.0,228.2,228.0,227.25,131491,30099876.1,05-JAN-2022,4297,INE578A01017,
HEMIPROP,EQ,130.95,131.95,129.15,130.1,130.0,130.35,458454,59847114.1,05-JAN-2022,6572,INE0AJG01018,
HERANBA,EQ,679.85,679.85,666.0,668.75,669.4,675.5,41415,27769382.4,05-JAN-2022,2532,INE694N01015,
HERCULES,EQ,141.15,148.05,139.5,143.5,142.95,142.8,115902,16684243.8,05-JAN-2022,2879,INE688E01024,
HERITGFOOD,EQ,416.95,419.3,410.1,413.15,413.0,412.1,97493,40320152.6,05-JAN-2022,3202,INE978A01027,
HEROMOTOCO,EQ,2484.95,2512.95,2477.95,2506.0,2510.0,2484.9,294097,735423128.8,05-JAN-2022,32006,INE158A01026,
HESTERBIO,EQ,2546.0,2565.0,2515.65,2531.45,2530.0,2525.4,7267,18439193.2,05-JAN-2022,1610,INE782E01017,
HEXATRADEX,EQ,132.15,139.35,130.2,139.05,139.35,132.75,17776,2416155.3,05-JAN-2022,273,INE750M01017,
HFCL,EQ,79.0,89.45,78.5,85.55,85.25,79.15,64296043,5497494799.35,05-JAN-2022,174543,INE548A01028,
HGINFRA,EQ,597.0,598.0,580.6,595.6,595.0,597.45,103291,61092802.65,05-JAN-2022,7248,INE926X01010,
HGS,EQ,3668.0,3751.35,3542.0,3591.3,3595.0,3634.6,131049,473320513.15,05-JAN-2022,13416,INE170I01016,
HIKAL,EQ,554.0,587.15,554.0,579.75,581.9,547.75,1238957,713348155.7,05-JAN-2022,64083,INE475B01022,
HIL,EQ,4648.0,4648.0,4507.25,4519.05,4538.75,4599.8,6882,31344832.0,05-JAN-2022,1916,INE557A01011,
HILTON,EQ,20.9,21.9,20.25,21.85,21.8,20.9,52072,1122604.85,05-JAN-2022,268,INE788H01017,
HIMATSEIDE,EQ,251.5,254.0,246.5,250.05,249.3,251.35,160809,40356786.25,05-JAN-2022,4194,INE049A01027,
HINDALCO,EQ,473.2,479.4,472.0,475.35,475.05,476.1,4489031,2136378732.75,05-JAN-2022,75259,INE038A01020,
HINDCOMPOS,EQ,324.0,324.0,312.05,313.0,312.1,316.95,5579,1757475.15,05-JAN-2022,244,INE310C01029,
HINDCON,EQ,72.0,72.8,67.65,69.2,69.75,71.1,55156,3819685.1,05-JAN-2022,908,INE642Y01011,
HINDCOPPER,EQ,133.75,137.25,130.8,134.75,134.45,133.45,10030438,1353936866.0,05-JAN-2022,41944,INE531E01026,
HINDMOTORS,EQ,12.0,12.65,12.0,12.65,12.65,12.05,669662,8389826.1,05-JAN-2022,2315,INE253A01025,
HINDNATGLS,EQ,33.9,34.4,33.2,34.2,34.2,33.7,90605,3054800.2,05-JAN-2022,1239,INE952A01022,
HINDOILEXP,EQ,188.5,194.7,186.6,187.35,187.1,188.7,338153,64458517.05,05-JAN-2022,5238,INE345A01011,
HINDPETRO,EQ,298.95,315.45,298.0,314.3,313.75,297.9,7511958,2316613941.9,05-JAN-2022,69701,INE094A01015,
HINDUNILVR,EQ,2403.8,2420.0,2392.0,2415.8,2419.0,2401.25,1202512,2894092111.45,05-JAN-2022,65591,INE030A01027,
HINDZINC,EQ,329.8,333.2,326.1,331.95,332.35,330.55,565040,186162311.55,05-JAN-2022,12190,INE267A01025,
HIRECT,BE,262.0,268.0,253.15,253.15,253.15,266.45,14314,3640474.35,05-JAN-2022,344,INE835D01023,
HISARMETAL,EQ,120.45,122.8,120.0,120.3,120.1,121.25,2224,269034.95,05-JAN-2022,64,INE598C01011,
HITECH,EQ,546.0,560.0,542.15,557.15,550.0,546.35,46598,25716449.8,05-JAN-2022,1809,INE106T01017,
HITECHCORP,EQ,299.0,307.45,299.0,302.55,303.55,301.65,19223,5823378.45,05-JAN-2022,1387,INE120D01012,
HITECHGEAR,EQ,253.9,259.1,250.1,251.95,251.45,252.8,9633,2436672.25,05-JAN-2022,384,INE127B01011,
HLEGLAS,EQ,5834.95,5863.95,5775.55,5791.95,5799.0,5829.6,4512,26202106.4,05-JAN-2022,1159,INE461D01010,
HLVLTD,BE,10.7,10.75,10.2,10.6,10.7,10.7,294467,3092347.6,05-JAN-2022,786,INE102A01024,
HMT,BZ,29.0,29.0,28.0,28.45,28.45,28.35,8989,256773.55,05-JAN-2022,58,INE262A01018,
HMVL,EQ,73.6,76.15,73.1,74.75,74.75,73.15,68453,5137581.5,05-JAN-2022,1481,INE871K01015,
HNDFDS,EQ,1930.0,1930.0,1911.0,1914.35,1917.0,1910.1,1753,3357830.3,05-JAN-2022,428,INE254N01018,
HNGSNGBEES,EQ,302.98,302.98,296.0,298.41,298.0,300.08,6887,2051327.44,05-JAN-2022,300,INF204KB19I1,
HOMEFIRST,EQ,832.0,839.95,811.9,817.5,829.95,823.8,46934,38819458.55,05-JAN-2022,5416,INE481N01025,
HONAUT,EQ,42214.7,43690.7,41964.55,43366.4,43500.0,42212.05,16547,706437977.4,05-JAN-2022,4522,INE671A01010,
HONDAPOWER,EQ,1286.85,1302.65,1283.9,1285.95,1285.95,1286.65,2930,3778372.0,05-JAN-2022,339,INE634A01018,
HOVS,EQ,61.8,64.6,61.0,64.6,64.6,61.55,28635,1816145.9,05-JAN-2022,377,INE596H01014,
HPAL,BE,434.0,434.0,420.85,420.85,420.85,443.0,84451,35793016.2,05-JAN-2022,2452,INE0GSL01016,
HPIL,SM,63.3,63.3,63.3,63.3,63.3,64.1,18000,1139400.0,05-JAN-2022,1,INE05X901010,
HPL,EQ,82.65,86.0,78.5,81.6,81.6,77.75,3125155,260118913.05,05-JAN-2022,39623,INE495S01016,
HSCL,EQ,44.8,45.3,44.55,45.0,45.05,44.85,2918015,131007096.1,05-JAN-2022,9367,INE019C01026,
HSIL,EQ,218.9,219.85,215.4,218.25,218.65,219.0,128994,28091217.8,05-JAN-2022,6019,INE415A01038,
HTMEDIA,EQ,28.0,29.5,27.6,28.35,28.35,27.9,1430609,40888841.8,05-JAN-2022,4366,INE501G01024,
HUBTOWN,BE,71.0,71.0,68.9,68.9,68.9,72.5,99776,6895278.8,05-JAN-2022,521,INE703H01016,
HUDCO,EQ,40.0,40.4,39.65,39.95,39.95,40.0,2041923,81638209.35,05-JAN-2022,6671,INE031A01017,
HUDCO,N2,1249.99,1249.99,1243.0,1243.0,1243.0,1250.84,202,251267.48,05-JAN-2022,7,INE031A07840,
HUDCO,N3,1073.0,1074.0,1073.0,1074.0,1074.0,1070.5,1440,1545440.0,05-JAN-2022,10,INE031A07832,
HUDCO,N5,1217.0,1220.0,1217.0,1220.0,1220.0,1217.0,1050,1278000.0,05-JAN-2022,3,INE031A07865,
HUDCO,N7,1215.0,1215.0,1215.0,1215.0,1215.0,1186.0,5,6075.0,05-JAN-2022,3,INE031A07881,
HUDCO,N8,1278.9,1278.9,1278.9,1278.9,1278.9,1274.99,1,1278.9,05-JAN-2022,1,INE031A07AO5,
HUDCO,N9,1211.0,1211.0,1210.0,1210.0,1210.0,1213.0,470,568740.0,05-JAN-2022,6,INE031A07AT4,
HUDCO,ND,1246.0,1246.0,1246.0,1246.0,1246.0,1246.0,300,373800.0,05-JAN-2022,1,INE031A07949,
HUDCO,NE,1389.85,1389.85,1380.0,1383.0,1383.0,1380.1,175,242485.3,05-JAN-2022,9,INE031A07AB2,
HUHTAMAKI,EQ,225.55,227.0,219.2,220.85,219.2,225.5,70861,15814318.5,05-JAN-2022,3328,INE275B01026,
IBMFNIFTY,EQ,189.0,189.0,176.52,180.52,180.98,181.66,516,93204.56,05-JAN-2022,138,INF666M01FS5,
IBREALEST,EQ,158.7,163.0,157.3,162.1,162.5,158.85,8888820,1421727628.9,05-JAN-2022,45113,INE069I01010,
IBUCCREDIT,N7,950.1,950.1,950.1,950.1,950.1,955.5,25,23752.5,05-JAN-2022,2,INE244L07127,
IBUCCREDIT,ND,920.0,924.5,920.0,924.5,924.5,935.0,65,59867.5,05-JAN-2022,2,INE244L07184,
IBULHSGFIN,EQ,217.85,218.9,215.0,216.7,216.5,217.75,11798557,2554294391.35,05-JAN-2022,69966,INE148I01020,
IBULHSGFIN,N8,974.0,974.0,965.0,966.11,967.0,966.55,18,17428.2,05-JAN-2022,4,INE148I07GJ7,
IBULHSGFIN,,966.0,966.0,964.9,964.9,964.9,954.99,125,120722.5,05-JAN-2022,2,INE148I07GL3,
IBULHSGFIN,NB,1465.0,1465.0,1465.0,1465.0,1465.0,1465.0,4,5860.0,05-JAN-2022,1,INE148I07GN9,
IBULHSGFIN,NE,964.9,964.9,960.0,960.0,960.0,990.0,102,98214.0,05-JAN-2022,7,INE148I08256,
IBULHSGFIN,NH,951.0,951.0,945.0,945.0,945.0,940.0,10,9456.0,05-JAN-2022,2,INE148I07KB6,
IBULHSGFIN,NL,990.0,1000.0,990.0,999.0,999.0,985.0,130,129790.0,05-JAN-2022,4,INE148I07KF7,
IBULHSGFIN,NT,994.0,994.0,994.0,994.0,0.0,993.0,30,29820.0,05-JAN-2022,1,INE148I07KP6,
IBULHSGFIN,NW,999.0,999.0,999.0,999.0,999.0,999.1,6,5994.0,05-JAN-2022,1,INE148I08348,
ICDSLTD,BE,48.45,48.45,46.0,46.5,47.9,47.2,2579,121342.75,05-JAN-2022,60,INE613B01010,
ICEMAKE,EQ,72.0,74.65,70.75,73.25,72.7,71.85,35149,2572302.8,05-JAN-2022,318,INE520Y01019,
ICICI500,EQ,25.5,25.5,25.01,25.3,25.3,25.16,46405,1175154.48,05-JAN-2022,339,INF109KC1V59,
ICICIALPLV,EQ,182.79,182.79,180.0,181.05,180.9,181.2,16712,3024282.84,05-JAN-2022,170,INF109KC1N59,
ICICIB22,EQ,51.7,51.7,45.25,46.03,45.9,45.78,202244,9282166.11,05-JAN-2022,1171,INF109KB15Y7,
ICICIBANK,EQ,773.0,795.85,771.2,788.05,787.0,772.85,19741360,15533584419.45,05-JAN-2022,328782,INE090A01021,
ICICIBANKN,EQ,375.0,376.54,367.59,375.4,374.78,366.93,12958,4843098.08,05-JAN-2022,291,INF109KC1E27,
ICICIBANKP,EQ,184.0,189.0,184.0,188.74,188.75,184.43,47344,8853650.27,05-JAN-2022,223,INF109KC1E35,
ICICICONSU,EQ,73.0,73.0,70.07,71.61,71.65,70.55,1493,106893.59,05-JAN-2022,83,INF109KC1V42,
ICICIFMCG,EQ,381.94,381.94,377.52,379.29,380.0,379.18,1608,609231.07,05-JAN-2022,102,INF109KC1R48,
ICICIGI,EQ,1429.9,1456.2,1425.5,1449.55,1447.05,1423.6,344446,496869792.7,05-JAN-2022,19407,INE765G01017,
ICICIGOLD,EQ,42.95,42.95,42.53,42.69,42.6,42.53,203185,8667532.82,05-JAN-2022,1836,INF109KC1NT3,
ICICILIQ,EQ,999.95,1000.01,999.55,999.99,999.99,999.99,32803,32802997.62,05-JAN-2022,44,INF109KC1KT9,
ICICILOVOL,EQ,142.94,143.04,136.56,143.01,143.04,142.45,115937,16568193.68,05-JAN-2022,1305,INF109KB10T8,
ICICIM150,EQ,119.3,119.3,118.21,118.44,118.25,118.49,13954,1653660.15,05-JAN-2022,280,INF109KC1G82,
ICICIMCAP,EQ,107.65,107.65,103.05,105.55,105.6,104.57,15022,1582086.67,05-JAN-2022,393,INF109KB1XT3,
ICICINF100,EQ,196.49,196.49,194.5,195.9,195.9,194.5,10600,2074847.2,05-JAN-2022,242,INF109KA1962,
ICICINIFTY,EQ,203.1,203.1,188.0,192.07,191.82,191.59,391342,74922765.46,05-JAN-2022,3717,INF109K012R6,
ICICINV20,EQ,100.15,100.15,98.61,99.31,99.35,99.39,17153,1701756.48,05-JAN-2022,1560,INF109KB1WY5,
ICICINXT50,EQ,43.97,43.97,43.01,43.66,43.66,43.53,84643,3688423.41,05-JAN-2022,1010,INF109KC1NS5,
ICICIPHARM,EQ,89.25,89.55,88.36,88.58,88.59,88.62,199775,17782523.13,05-JAN-2022,601,INF109KC1Q72,
ICICIPRULI,EQ,573.5,580.0,569.2,575.25,574.15,570.95,1058318,608945428.25,05-JAN-2022,23111,INE726G01019,
ICICISENSX,EQ,652.99,655.0,648.96,653.14,653.0,648.03,10052,6540360.09,05-JAN-2022,145,INF346A01034,
ICICITECH,EQ,406.0,406.0,391.95,392.03,393.0,401.0,377712,148420551.31,05-JAN-2022,1518,INF109KC1N67,
ICIL,EQ,269.65,270.2,262.5,264.2,265.0,272.75,417018,111001747.8,05-JAN-2022,9315,INE483B01026,
ICRA,EQ,3405.0,3450.0,3349.85,3399.6,3390.0,3399.5,10698,36357128.5,05-JAN-2022,876,INE725G01011,
IDBI,EQ,47.15,52.6,47.0,50.8,51.05,47.4,40824162,2065918290.65,05-JAN-2022,66396,INE008A01015,
IDBIGOLD,EQ,4437.7,4437.7,4411.0,4415.2,4415.0,4392.85,113,498961.6,05-JAN-2022,15,INF397L01554,
IDEA,EQ,15.3,15.6,15.05,15.1,15.15,15.25,251510189,3838134773.1,05-JAN-2022,137518,INE669E01016,
IDFC,EQ,62.1,62.95,61.0,61.75,61.95,62.4,11292000,698029592.45,05-JAN-2022,23321,INE043D01016,
IDFCFIRSTB,EQ,49.2,50.35,48.85,49.8,49.75,49.3,29817214,1479578029.65,05-JAN-2022,43013,INE092T01019,
IDFCFIRSTB,NB,5340.0,5348.0,5340.0,5340.0,5340.0,5340.0,77,411668.0,05-JAN-2022,3,INE092T08CM5,
IDFCFIRSTB,NC,11330.0,11330.0,11310.0,11310.0,11310.0,11300.0,72,815580.0,05-JAN-2022,5,INE092T08CN3,
IDFCFIRSTB,NE,11148.0,11148.0,11148.0,11148.0,11148.0,10960.0,62,691176.0,05-JAN-2022,1,INE092T08CP8,
IDFNIFTYET,EQ,187.45,188.49,186.73,187.9,187.9,186.48,1136,213063.44,05-JAN-2022,26,INF194KA1U07,
IEX,EQ,261.45,263.5,258.85,260.65,260.6,261.65,6858801,1789701897.0,05-JAN-2022,63914,INE022Q01020,
IFBAGRO,EQ,655.0,658.8,644.25,648.0,648.25,652.25,11543,7528670.55,05-JAN-2022,731,INE076C01018,
IFBIND,EQ,1125.0,1133.95,1122.6,1125.05,1126.0,1132.4,24728,27823918.6,05-JAN-2022,2963,INE559A01017,
IFCI,EQ,16.3,16.85,16.1,16.2,16.15,16.3,11024073,181078647.0,05-JAN-2022,15090,INE039A01010,
IFCI,NH,1049.0,1049.0,1040.0,1046.77,1046.77,1049.45,638,666160.88,05-JAN-2022,24,INE039A07801,
IFCI,NL,1097.0,1097.0,1097.0,1097.0,1097.0,1097.95,50,54850.0,05-JAN-2022,1,INE039A07843,
IFCI,NM,1999.0,2010.0,1899.0,1905.0,1905.0,1995.0,158,301166.0,05-JAN-2022,12,INE039A07850,
IFGLEXPOR,EQ,311.9,312.5,304.3,310.35,310.0,308.3,25572,7899125.0,05-JAN-2022,1496,INE133Y01011,
IGARASHI,EQ,496.9,499.3,493.35,496.2,494.85,494.55,18611,9232890.6,05-JAN-2022,1296,INE188B01013,
IGL,EQ,470.0,475.25,460.1,461.3,462.35,469.85,3172186,1479127198.2,05-JAN-2022,61328,INE203G01027,
IGPL,EQ,705.05,728.1,702.85,710.3,710.0,706.9,44009,31392227.5,05-JAN-2022,3732,INE204A01010,
IIFCL,N3,1434.0,1434.0,1434.0,1434.0,1434.0,1643.92,203,291102.0,05-JAN-2022,2,INE787H07347,
IIFL,EQ,286.3,298.0,279.75,292.4,292.1,285.2,567456,165197106.45,05-JAN-2022,6537,INE530B01024,
IIFL,N2,1088.05,1088.05,1088.05,1088.05,1088.05,1076.0,50,54402.5,05-JAN-2022,2,INE866I07BZ1,
IIFL,N3,1272.35,1306.4,1272.35,1306.4,1306.4,1306.05,22,28366.25,05-JAN-2022,2,INE866I07CB0,
IIFL,N4,1024.9,1024.9,1017.01,1019.19,1019.0,1029.75,1170,1193860.21,05-JAN-2022,37,INE866I07CD6,
IIFL,N5,1085.49,1105.1,1085.49,1105.1,1105.1,1110.0,79,87008.75,05-JAN-2022,3,INE866I07CF1,
IIFL,N6,1038.0,1038.0,1025.0,1029.9,1029.9,1037.99,251,257926.5,05-JAN-2022,9,INE866I08279,
IIFL,N7,1087.0,1087.0,1087.0,1087.0,1087.0,1087.99,4,4348.0,05-JAN-2022,1,INE866I08295,
IIFL,NC,1020.0,1020.0,1020.0,1020.0,1020.0,1024.98,30,30600.0,05-JAN-2022,3,INE866I08303,
IIFL,NE,1008.5,1014.98,1008.5,1008.5,1008.5,1009.72,169,170893.56,05-JAN-2022,8,INE530B08094,
IIFL,NF,960.0,964.0,959.0,963.36,963.65,959.89,589,566895.22,05-JAN-2022,29,INE530B08102,
IIFL,NG,945.0,960.0,945.0,960.0,960.0,960.0,120,114900.0,05-JAN-2022,2,INE530B08110,
IIFL,NH,998.25,1010.0,998.25,1010.0,1010.0,1000.05,225,224775.5,05-JAN-2022,4,INE530B07120,
IIFL,NI,993.0,993.0,993.0,993.0,993.0,993.0,1,993.0,05-JAN-2022,1,INE530B07138,
IIFL,NL,956.0,959.0,953.0,958.0,958.0,954.0,355,339083.7,05-JAN-2022,9,INE530B07161,
IIFLSEC,EQ,92.25,96.35,91.8,94.25,94.3,91.8,633111,59795440.15,05-JAN-2022,8109,INE489L01022,
IIFLWAM,EQ,1478.35,1539.8,1473.4,1514.1,1518.0,1470.95,78929,119342101.15,05-JAN-2022,9062,INE466L01020,
IIHFL,N4,995.4,995.5,993.99,993.99,993.99,990.64,363,361353.97,05-JAN-2022,7,INE477L08147,
IIHFL,N5,980.12,988.48,980.12,986.25,986.25,980.12,3756,3696319.2,05-JAN-2022,33,INE477L08154,
IIHFL,N6,931.0,931.0,926.0,926.0,926.0,921.0,40,37105.0,05-JAN-2022,3,INE477L08162,
IIHFL,N7,995.0,995.0,995.0,995.0,995.0,1000.0,10,9950.0,05-JAN-2022,1,INE477L07AL3,
IIHFL,N8,992.0,992.0,992.0,992.0,992.0,1000.0,8,7936.0,05-JAN-2022,2,INE477L07AM1,
IIHFL,NC,988.0,988.0,950.0,975.0,975.0,1000.0,1773,1739055.0,05-JAN-2022,12,INE477L07AQ2,
IITL,EQ,83.55,91.6,83.55,90.8,91.55,87.3,2985,266402.35,05-JAN-2022,82,INE886A01014,
IL&FSENGG,BZ,8.05,8.05,8.05,8.05,8.05,7.7,34883,280808.15,05-JAN-2022,83,INE369I01014,
IL&FSTRANS,BZ,5.3,5.75,5.25,5.7,5.7,5.5,130838,717306.4,05-JAN-2022,220,INE975G01012,
IMAGICAA,EQ,11.75,11.8,11.15,11.15,11.15,11.7,193548,2186187.65,05-JAN-2022,411,INE172N01012,
IMFA,EQ,856.5,883.0,846.8,876.3,875.85,856.7,77501,67590383.55,05-JAN-2022,5355,INE919H01018,
IMPAL,EQ,815.0,824.0,805.0,812.8,814.9,821.3,1430,1162271.15,05-JAN-2022,199,INE547E01014,
INCREDIBLE,EQ,26.95,27.7,26.3,27.3,27.7,26.5,75032,2010537.5,05-JAN-2022,1043,INE452L01012,
INDBANK,EQ,22.15,24.1,22.15,22.95,22.95,22.55,160179,3714466.05,05-JAN-2022,731,INE841B01017,
INDHOTEL,EQ,184.0,185.05,181.1,182.05,182.3,184.5,3155809,577519583.05,05-JAN-2022,31863,INE053A01029,
INDIACEM,EQ,200.0,208.0,199.05,206.8,207.5,200.4,5288236,1085406779.95,05-JAN-2022,37396,INE383A01012,
INDIAGLYCO,EQ,990.0,1008.9,961.35,970.35,974.0,995.1,369630,364583428.35,05-JAN-2022,18907,INE560A01015,
INDIAMART,EQ,6625.0,6626.4,6521.0,6582.2,6589.1,6612.7,72496,476823456.45,05-JAN-2022,13733,INE933S01016,
INDIANB,EQ,143.6,147.45,142.85,144.25,143.75,143.75,3134266,455524560.3,05-JAN-2022,20571,INE562A01011,
INDIANCARD,EQ,270.0,275.1,259.55,266.0,265.5,272.5,11914,3159372.3,05-JAN-2022,379,INE061A01014,
INDIANHUME,EQ,203.75,206.1,196.9,197.65,197.0,203.75,73462,14699750.3,05-JAN-2022,1946,INE323C01030,
INDIGO,EQ,2015.0,2027.95,1965.0,1977.75,1977.95,2041.7,903873,1801090290.35,05-JAN-2022,41240,INE646L01027,
INDIGOPNTS,EQ,2112.0,2118.15,2072.15,2092.2,2093.5,2107.1,129118,269823610.75,05-JAN-2022,4497,INE09VQ01012,
INDIGRID,IV,147.0,149.0,147.0,147.87,147.97,147.49,132751,19632939.3,05-JAN-2022,642,INE219X23014,
INDIGRID,ND,1040.0,1040.0,1040.0,1040.0,1040.0,1030.0,271,281840.0,05-JAN-2022,6,INE219X07207,
INDIGRID,NF,1040.01,1040.01,1040.0,1040.0,1040.0,1040.0,515,535601.0,05-JAN-2022,6,INE219X07223,
INDIGRID,NJ,1099.9,1102.0,1099.0,1099.0,1099.0,1100.0,713,783826.01,05-JAN-2022,10,INE219X07264,
INDIGRID,NL,1055.01,1055.01,1055.01,1055.01,1055.01,1052.01,10,10550.1,05-JAN-2022,1,INE219X07280,
INDLMETER,BE,20.8,21.0,19.55,19.85,19.9,20.45,40114,801786.0,05-JAN-2022,249,INE065B01013,
INDNIPPON,EQ,374.8,394.9,373.0,389.5,393.0,371.0,54428,20942577.9,05-JAN-2022,1708,INE092B01025,
INDOCO,EQ,447.0,451.1,440.0,441.55,441.05,442.95,66523,29662474.1,05-JAN-2022,3846,INE873D01024,
INDORAMA,EQ,69.6,69.6,64.6,66.85,67.0,68.0,1864280,125036836.8,05-JAN-2022,20277,INE156A01020,
INDOSTAR,EQ,245.6,245.6,240.0,242.15,242.5,244.35,28130,6825303.45,05-JAN-2022,1018,INE896L01010,
INDOTECH,EQ,215.0,223.95,215.0,219.6,220.0,219.0,10391,2279635.25,05-JAN-2022,551,INE332H01014,
INDOTHAI,BE,408.3,408.3,408.3,408.3,408.3,388.9,6895,2815228.5,05-JAN-2022,79,INE337M01013,
INDOWIND,BE,40.95,41.0,39.7,39.7,39.7,41.75,260770,10376349.3,05-JAN-2022,2725,INE227G01018,
INDRAMEDCO,EQ,78.2,80.8,77.55,79.3,79.65,77.95,431744,34257830.15,05-JAN-2022,4989,INE681B01017,
INDSWFTLAB,EQ,85.5,85.85,80.0,80.7,80.55,82.15,736933,61517539.2,05-JAN-2022,12869,INE915B01019,
INDSWFTLTD,EQ,14.55,14.6,14.05,14.6,14.6,13.95,54303,790989.7,05-JAN-2022,128,INE788B01028,
INDTERRAIN,EQ,63.2,68.4,62.5,66.4,66.3,63.2,958561,63454949.65,05-JAN-2022,9520,INE611L01021,
INDUSINDBK,EQ,905.0,911.9,892.25,903.95,904.5,904.4,5448165,4918999611.1,05-JAN-2022,95567,INE095A01012,
INDUSTOWER,EQ,255.7,259.0,251.6,256.4,256.3,255.15,3049705,781777061.95,05-JAN-2022,37399,INE121J01017,
INEOSSTYRO,EQ,1419.0,1444.75,1341.0,1433.15,1433.2,1419.05,12184,17317941.9,05-JAN-2022,1357,INE189B01011,
INFIBEAM,EQ,39.8,40.85,39.7,40.1,40.1,39.85,2675060,107625675.7,05-JAN-2022,7620,INE483S01020,
INFOBEAN,EQ,464.0,481.85,443.75,446.2,448.7,459.25,33860,15551792.55,05-JAN-2022,1228,INE344S01016,
INFRABEES,EQ,531.0,531.0,524.25,528.66,530.0,527.86,1358,716899.59,05-JAN-2022,120,INF732E01268,
INFY,EQ,1900.0,1902.9,1840.0,1844.65,1848.0,1899.15,6995719,12994844600.2,05-JAN-2022,289755,INE009A01021,
INGERRAND,EQ,1240.0,1250.0,1219.05,1237.15,1239.55,1240.3,17852,22056218.9,05-JAN-2022,3143,INE177A01018,
INNOVANA,SM,291.0,292.5,291.0,292.5,292.5,292.25,2000,583500.0,05-JAN-2022,2,INE403Y01018,
INNOVATIVE,SM,7.75,8.0,7.6,7.85,7.85,7.95,138000,1068750.0,05-JAN-2022,31,INE070Y01015,
INOXLEISUR,EQ,351.0,361.0,348.7,355.25,358.95,355.1,537911,190549688.6,05-JAN-2022,13774,INE312H01016,
INOXWIND,EQ,116.15,117.65,113.75,114.1,114.0,116.05,948790,109059028.65,05-JAN-2022,7534,INE066P01011,
INSECTICID,EQ,722.0,736.55,715.3,730.0,731.0,718.9,53856,38956505.0,05-JAN-2022,3630,INE070I01018,
INSPIRISYS,BE,86.15,86.15,86.15,86.15,86.15,82.05,21850,1882377.5,05-JAN-2022,60,INE020G01017,
INTELLECT,EQ,724.0,730.0,714.9,717.5,716.85,729.15,238016,171349603.55,05-JAN-2022,11181,INE306R01017,
INTENTECH,EQ,86.55,86.9,83.65,84.2,84.0,85.6,150340,12778345.75,05-JAN-2022,2346,INE781A01025,
INTLCONV,EQ,89.65,95.0,85.95,88.1,89.0,79.35,2377898,215781949.85,05-JAN-2022,24778,INE575C01027,
INVENTURE,EQ,4.6,5.05,4.3,5.05,5.05,4.6,111297557,530554705.9,05-JAN-2022,53567,INE878H01024,
IOB,EQ,20.5,21.1,20.45,20.65,20.7,20.5,6086817,125953877.15,05-JAN-2022,38597,INE565A01014,
IOC,EQ,114.05,117.45,113.8,117.25,117.3,114.05,14249336,1660797484.95,05-JAN-2022,80931,INE242A01010,
IOLCP,EQ,472.0,476.75,465.0,466.3,465.3,470.9,153845,72328777.55,05-JAN-2022,6737,INE485C01011,
IPCALAB,EQ,2185.0,2208.0,2121.25,2165.15,2185.0,2171.55,417917,912401734.45,05-JAN-2022,25586,INE571A01020,
IPL,EQ,321.35,326.35,318.1,318.75,319.8,323.55,117155,37725453.15,05-JAN-2022,4137,INE0D6701023,
IRB,EQ,221.05,228.0,220.85,223.4,222.75,221.0,1538633,344447758.3,05-JAN-2022,12183,INE821I01014,
IRBINVIT,IV,56.14,57.05,56.05,56.99,57.01,56.03,158084,8963425.7,05-JAN-2022,362,INE183W23014,
IRCON,EQ,46.45,46.45,45.8,45.9,46.0,46.35,1018026,46893272.75,05-JAN-2022,5335,INE962Y01021,
IRCTC,EQ,845.0,847.1,828.0,840.6,840.45,848.05,3312721,2773487785.5,05-JAN-2022,85868,INE335Y01020,
IREDA,N7,1200.0,1200.0,1200.0,1200.0,1200.0,1279.95,1,1200.0,05-JAN-2022,1,INE202E07229,
IRFC,EQ,23.05,23.1,22.7,22.85,22.9,23.05,7127303,163001294.45,05-JAN-2022,16742,INE053F01010,
IRFC,N1,1018.5,1021.98,1018.5,1021.98,1021.98,1020.0,3596,3672600.4,05-JAN-2022,16,INE053F07520,
IRFC,N2,1177.0,1180.0,1175.55,1180.0,1180.0,1183.0,235,276906.75,05-JAN-2022,8,INE053F07538,
IRFC,N3,1040.0,1040.0,1040.0,1040.0,1040.0,1073.9,20,20800.0,05-JAN-2022,1,INE053F07561,
IRFC,N4,1152.01,1158.0,1152.0,1152.54,1158.0,1155.14,1100,1267802.0,05-JAN-2022,3,INE053F07579,
IRFC,N6,1294.8,1294.8,1294.8,1294.8,1294.8,1299.4,90,116532.0,05-JAN-2022,1,INE053F07595,
IRFC,N7,1147.0,1199.93,1138.0,1154.0,1154.0,1147.0,325,372799.65,05-JAN-2022,6,INE053F07652,
IRFC,,1299.7,1299.7,1297.0,1298.09,1298.09,1296.99,76,98583.37,05-JAN-2022,3,INE053F07686,
IRFC,NB,1250.9,1250.9,1250.9,1250.9,1250.9,1125.92,5,6254.5,05-JAN-2022,1,INE053F07710,
IRFC,NC,1319.99,1319.99,1319.99,1319.99,1319.99,1300.0,110,145198.9,05-JAN-2022,1,INE053F07728,
IRFC,NE,1320.0,1320.0,1311.12,1311.12,1311.12,1320.0,75,98915.6,05-JAN-2022,4,INE053F07744,
IRFC,NI,1114.99,1114.99,1114.99,1114.99,1114.99,1109.94,50,55749.5,05-JAN-2022,1,INE053F07827,
IRFC,NJ,1203.0,1209.0,1203.0,1208.03,1209.0,1204.0,289,347854.8,05-JAN-2022,7,INE053F07835,
IRFC,NK,1289.0,1289.0,1288.99,1288.99,1288.99,1276.9,105,135344.95,05-JAN-2022,4,INE053F07843,
IRFC,NO,1224.0,1224.4,1224.0,1224.4,1224.4,1223.8,71,86912.0,05-JAN-2022,4,INE053F07900,
IRIS,EQ,159.0,159.0,146.7,149.25,149.0,156.7,31546,4744357.8,05-JAN-2022,744,INE864K01010,
IRISDOREME,EQ,206.7,206.7,199.05,204.3,203.0,192.95,9323,1897220.35,05-JAN-2022,233,INE01GN01017,
ISEC,EQ,785.0,793.55,776.0,778.4,779.0,787.45,119337,93465923.85,05-JAN-2022,9549,INE763G01038,
ISFT,EQ,227.0,229.15,222.1,226.35,226.0,226.8,44399,9938528.2,05-JAN-2022,1113,INE566K01011,
ISGEC,EQ,628.9,643.9,614.0,616.65,616.05,624.35,122722,76869495.5,05-JAN-2022,6587,INE858B01029,
ISMTLTD,BE,57.15,59.5,56.9,56.9,56.9,59.85,109223,6228706.25,05-JAN-2022,479,INE732F01019,
ITC,EQ,219.65,221.5,218.65,220.55,220.35,220.25,11230588,2473772707.75,05-JAN-2022,87423,INE154A01025,
ITDC,EQ,365.0,398.8,360.9,395.0,398.15,369.45,303167,117217385.85,05-JAN-2022,12125,INE353K01014,
ITDCEM,EQ,79.25,81.3,78.8,79.75,79.8,79.25,696422,55725091.2,05-JAN-2022,6853,INE686A01026,
ITI,EQ,118.8,119.7,117.45,118.8,119.1,118.1,323534,38383388.45,05-JAN-2022,3746,INE248A01017,
IVC,BE,10.1,10.35,9.6,9.95,9.9,10.1,416838,4103253.5,05-JAN-2022,860,INE050B01023,
IVP,EQ,127.95,127.95,123.7,124.4,124.4,124.65,6718,842751.85,05-JAN-2022,111,INE043C01018,
IVZINGOLD,EQ,4362.95,4390.0,4301.0,4350.75,4390.0,4315.85,91,395187.0,05-JAN-2022,23,INF205K01361,
IVZINNIFTY,EQ,1940.0,1964.4,1940.0,1946.09,1945.65,1928.1,50,97474.9,05-JAN-2022,13,INF205K01DA9,
IWEL,BE,741.25,790.0,741.25,779.65,779.95,767.35,1942,1517410.3,05-JAN-2022,106,INE0FLR01028,
IZMO,EQ,91.45,92.4,88.0,91.2,91.0,90.95,62392,5641743.75,05-JAN-2022,1167,INE848A01014,
J&KBANK,EQ,37.0,37.9,36.8,37.05,37.1,37.0,2501368,93131966.7,05-JAN-2022,5753,INE168A01041,
JAGRAN,EQ,62.25,62.7,61.5,62.0,61.8,62.25,85713,5335921.45,05-JAN-2022,1047,INE199G01027,
JAGSNPHARM,EQ,175.1,178.4,174.05,175.15,175.05,177.95,104000,18288215.95,05-JAN-2022,3040,INE048B01027,
JAIBALAJI,EQ,58.9,60.0,57.5,58.6,58.85,58.45,112693,6672583.95,05-JAN-2022,1160,INE091G01018,
JAICORPLTD,EQ,125.3,127.6,125.2,126.05,126.0,125.65,818216,103264425.7,05-JAN-2022,6757,INE070D01027,
JAINAM,SM,87.95,88.9,87.0,88.35,88.35,86.95,12000,1056200.0,05-JAN-2022,6,INE02KC01010,
JAINSTUDIO,BZ,3.15,3.15,3.15,3.15,3.15,3.0,4003,12609.45,05-JAN-2022,5,INE486B01011,
JAIPURKURT,EQ,91.65,92.25,87.45,87.65,87.6,92.05,36284,3207210.35,05-JAN-2022,357,INE696V01013,
JALAN,SM,11.3,11.3,11.3,11.3,11.3,10.8,18000,203400.0,05-JAN-2022,6,INE349X01015,
JAMNAAUTO,EQ,102.6,103.9,101.65,102.4,102.55,102.0,584706,60012779.55,05-JAN-2022,7947,INE039C01032,
JASH,EQ,440.1,444.0,436.85,439.75,443.2,434.85,4416,1943869.2,05-JAN-2022,288,INE039O01011,
JAYAGROGN,EQ,217.7,218.0,213.1,214.55,213.5,216.3,18266,3934181.15,05-JAN-2022,705,INE785A01026,
JAYBARMARU,EQ,187.8,187.8,183.0,183.45,183.4,186.05,25571,4710501.4,05-JAN-2022,1003,INE571B01028,
JAYNECOIND,BE,25.0,26.6,24.55,26.4,26.25,25.4,171920,4434627.45,05-JAN-2022,478,INE854B01010,
JAYSREETEA,EQ,105.55,105.9,102.5,102.7,102.95,106.1,72080,7482080.7,05-JAN-2022,1856,INE364A01020,
JBCHEPHARM,EQ,1724.75,1735.95,1701.0,1711.35,1708.0,1723.3,39127,67214060.4,05-JAN-2022,10016,INE572A01028,
JBFIND,BE,22.5,22.95,21.25,21.7,21.75,22.2,323112,7129520.3,05-JAN-2022,660,INE187A01017,
JBMA,EQ,1260.0,1260.0,1207.0,1230.85,1237.0,1252.5,71499,88014686.55,05-JAN-2022,9406,INE927D01028,
JCHAC,EQ,1995.75,2008.95,1975.0,1981.15,1988.0,1985.8,3919,7787394.7,05-JAN-2022,982,INE782A01015,
JETAIRWAYS,BZ,88.4,89.0,87.5,87.9,87.85,88.4,24967,2197695.05,05-JAN-2022,605,INE802G01018,
JETFREIGHT,EQ,56.25,56.25,54.3,56.25,56.25,53.6,27638,1538951.3,05-JAN-2022,259,INE982V01017,
JETKNIT,SM,114.55,114.55,114.55,114.55,114.55,109.1,9000,1030950.0,05-JAN-2022,6,INE564T01017,
JHS,EQ,26.9,31.0,26.1,28.8,28.55,26.9,2548929,75008602.65,05-JAN-2022,9609,INE544H01014,
JINDALPHOT,EQ,262.35,262.35,253.0,258.65,260.0,259.3,17285,4440421.15,05-JAN-2022,878,INE796G01012,
JINDALPOLY,EQ,1079.2,1081.8,1056.15,1064.4,1059.05,1076.35,35300,37676653.5,05-JAN-2022,2996,INE197D01010,
JINDALSAW,EQ,102.5,104.9,101.5,103.15,103.0,102.55,1083007,111775375.9,05-JAN-2022,8788,INE324A01024,
JINDALSTEL,EQ,388.0,408.45,386.25,406.4,406.1,388.2,9891594,3955479841.1,05-JAN-2022,86726,INE749A01030,
JINDRILL,EQ,138.0,139.95,135.55,137.25,136.1,136.75,62878,8685605.0,05-JAN-2022,1948,INE742C01031,
JINDWORLD,EQ,248.4,251.6,242.0,244.15,242.8,246.4,141005,34725172.95,05-JAN-2022,7099,INE247D01039,
JISLDVREQS,EQ,27.3,27.3,25.3,25.35,25.5,26.6,73543,1877886.9,05-JAN-2022,354,IN9175A01010,
JISLJALEQS,EQ,45.45,45.9,43.95,44.25,44.3,45.65,2423700,108563221.85,05-JAN-2022,6048,INE175A01038,
JITFINFRA,BE,125.0,128.8,121.0,122.4,122.0,125.1,65741,8059270.1,05-JAN-2022,513,INE863T01013,
JKCEMENT,EQ,3495.0,3575.0,3467.25,3484.6,3480.0,3526.15,91175,320799438.45,05-JAN-2022,11199,INE823G01014,
JKIL,EQ,163.1,169.0,163.1,166.75,167.4,164.55,127639,21215918.8,05-JAN-2022,3041,INE576I01022,
JKLAKSHMI,EQ,604.0,620.05,597.75,614.6,615.4,602.4,371784,227275560.2,05-JAN-2022,17433,INE786A01032,
JKPAPER,EQ,208.45,217.2,205.8,211.9,211.3,207.95,2423753,516400221.75,05-JAN-2022,29482,INE789E01012,
JKTYRE,EQ,139.6,140.6,138.25,138.95,139.0,138.95,573885,79881316.95,05-JAN-2022,7922,INE573A01042,
JMA,EQ,66.6,68.6,66.6,68.05,68.0,67.45,17328,1176679.85,05-JAN-2022,393,INE412C01023,
JMCPROJECT,EQ,98.05,100.45,97.95,99.1,99.1,99.05,107126,10611893.45,05-JAN-2022,2790,INE890A01024,
JMFINANCIL,EQ,73.6,74.8,73.2,73.4,73.4,74.2,741056,54631195.25,05-JAN-2022,5100,INE780C01023,
JOCIL,EQ,195.0,199.8,193.95,194.9,195.0,196.1,13926,2728583.95,05-JAN-2022,462,INE839G01010,
JPASSOCIAT,EQ,11.05,11.4,10.6,11.4,11.4,10.9,27140680,304294541.1,05-JAN-2022,12838,INE455F01025,
JPINFRATEC,EQ,3.75,3.75,3.7,3.75,3.75,3.6,5140473,19273037.35,05-JAN-2022,2784,INE099J01015,
JPOLYINVST,EQ,267.0,272.7,257.7,270.25,270.0,269.8,64178,17307486.2,05-JAN-2022,301,INE147P01019,
JPPOWER,EQ,7.45,7.45,6.9,7.1,7.1,7.35,156591024,1117096238.4,05-JAN-2022,138845,INE351F01018,
JSL,EQ,204.4,206.5,197.35,200.9,200.5,198.8,3932197,791194845.6,05-JAN-2022,35965,INE220G01021,
JSLHISAR,EQ,365.95,373.8,365.95,371.6,369.95,365.0,282982,105109572.9,05-JAN-2022,5888,INE455T01018,
JSWENERGY,BE,304.2,305.0,288.05,295.9,294.0,303.2,1499420,452731235.05,05-JAN-2022,6353,INE121E01018,
JSWHL,EQ,4180.4,4240.0,4034.65,4101.55,4110.0,4180.4,643,2648454.3,05-JAN-2022,227,INE824G01012,
JSWISPL,EQ,38.4,38.85,37.7,38.3,38.45,38.05,5263080,201505015.3,05-JAN-2022,12402,INE743C01021,
JSWSTEEL,EQ,668.1,697.0,666.35,694.5,693.0,670.4,6342812,4358886540.95,05-JAN-2022,87848,INE019A01038,
JTEKTINDIA,EQ,92.95,92.95,91.0,92.3,92.4,92.0,146350,13468252.35,05-JAN-2022,2666,INE643A01035,
JTLINFRA,EQ,216.95,219.0,211.0,214.45,216.0,216.95,50283,10900802.15,05-JAN-2022,1566,INE391J01024,
JUBLFOOD,EQ,3606.0,3654.95,3566.0,3637.9,3634.35,3604.65,508064,1835487859.45,05-JAN-2022,31696,INE797F01012,
JUBLINDS,EQ,729.45,739.0,706.65,713.95,717.0,732.35,56204,40704005.6,05-JAN-2022,4703,INE645L01011,
JUBLINGREA,EQ,595.0,595.0,580.1,583.55,583.7,596.3,299685,175514758.85,05-JAN-2022,9801,INE0BY001018,
JUBLPHARMA,EQ,585.0,589.5,579.0,584.15,583.5,584.25,49645,29015895.7,05-JAN-2022,4463,INE700A01033,
JUNIORBEES,EQ,475.4,475.4,434.0,447.16,446.6,448.53,157286,70286390.4,05-JAN-2022,11319,INF732E01045,
JUSTDIAL,EQ,815.0,821.5,800.0,804.45,802.25,813.85,463400,375521079.6,05-JAN-2022,13936,INE599M01018,
JYOTHYLAB,EQ,138.45,141.45,138.1,138.75,139.0,138.05,567118,79226029.6,05-JAN-2022,8434,INE668F01031,
JYOTISTRUC,BZ,17.25,17.6,17.25,17.6,17.6,16.8,41490,727321.5,05-JAN-2022,67,INE197A01024,
KABRAEXTRU,EQ,460.55,485.0,438.1,472.9,469.0,458.7,214212,99366686.3,05-JAN-2022,12249,INE900B01029,
KAJARIACER,EQ,1316.1,1329.9,1301.5,1324.9,1322.2,1310.3,200678,265176125.1,05-JAN-2022,13832,INE217B01036,
KAKATCEM,EQ,236.9,239.9,227.6,229.1,229.4,236.3,43518,10157613.25,05-JAN-2022,1546,INE437B01014,
KALPATPOWR,EQ,374.2,375.0,370.2,371.9,371.0,374.2,79207,29505917.7,05-JAN-2022,2698,INE220B01022,
KALYANIFRG,BE,190.0,194.0,184.0,187.3,187.3,191.2,519,96984.8,05-JAN-2022,15,INE314G01014,
KALYANKJIL,EQ,71.6,75.9,70.05,73.1,72.9,70.9,5008147,368577847.8,05-JAN-2022,32627,INE303R01014,
KAMATHOTEL,EQ,48.6,49.0,47.45,48.0,47.95,48.7,36512,1758680.55,05-JAN-2022,534,INE967C01018,
KAMDHENU,EQ,218.4,219.0,215.2,216.0,215.6,216.45,25768,5582941.6,05-JAN-2022,863,INE390H01012,
KANANIIND,BE,19.9,20.5,18.75,18.75,18.75,19.7,47246,897821.2,05-JAN-2022,370,INE879E01037,
KANORICHEM,EQ,163.95,163.95,152.05,153.15,152.05,159.35,13939,2153581.85,05-JAN-2022,190,INE138C01024,
KANPRPLA,EQ,130.65,135.15,127.5,130.35,130.5,128.05,54820,7167899.75,05-JAN-2022,941,INE694E01014,
KANSAINER,EQ,599.0,599.0,587.35,597.25,596.15,591.9,293538,173842546.9,05-JAN-2022,5869,INE531A01024,
KAPSTON,BE,145.4,145.4,145.4,145.4,145.4,138.5,10796,1569738.4,05-JAN-2022,125,INE542Z01010,
KARMAENG,BE,36.45,36.45,36.45,36.45,36.45,38.35,5917,215674.65,05-JAN-2022,95,INE725L01011,
KARURVYSYA,EQ,45.9,46.75,45.6,46.1,46.25,46.1,2139862,98731143.05,05-JAN-2022,8494,INE036D01028,
KAUSHALYA,EQ,3.65,3.65,3.5,3.5,3.5,3.65,42061,147698.55,05-JAN-2022,67,INE234I01010,
KAVVERITEL,EQ,9.95,9.95,9.95,9.95,9.95,9.5,12456,123937.2,05-JAN-2022,33,INE641C01019,
KAYA,EQ,430.0,441.5,422.85,433.95,433.5,431.35,17052,7414662.25,05-JAN-2022,680,INE587G01015,
KBCGLOBAL,EQ,17.1,17.1,16.55,16.75,16.95,17.05,2261692,37826426.6,05-JAN-2022,4139,INE278R01034,
KCP,EQ,143.1,147.0,142.0,142.9,142.55,143.1,370830,53612515.1,05-JAN-2022,9404,INE805C01028,
KCPSUGIND,EQ,30.75,30.75,28.5,28.6,28.6,31.25,4731859,139372471.0,05-JAN-2022,13905,INE790B01024,
KDDL,EQ,987.95,991.0,920.6,937.6,939.0,987.95,60041,57086880.6,05-JAN-2022,6257,INE291D01011,
KEC,EQ,470.0,470.0,456.3,458.55,459.4,462.9,79155,36566243.45,05-JAN-2022,3965,INE389H01022,
KECL,EQ,25.35,25.35,25.35,25.35,25.35,24.15,46913,1189244.55,05-JAN-2022,181,INE134B01017,
KEERTI,EQ,20.0,20.3,18.8,19.7,19.85,19.8,38585,763657.55,05-JAN-2022,189,INE586X01012,
KEI,EQ,1146.0,1177.0,1140.45,1157.2,1157.0,1156.85,206191,240013362.15,05-JAN-2022,12575,INE878B01027,
KELLTONTEC,EQ,64.8,67.9,63.2,66.45,66.35,64.5,2263331,149756170.0,05-JAN-2022,14155,INE164B01022,
KENNAMET,EQ,1887.7,1898.0,1834.2,1864.6,1864.0,1852.8,18658,34864865.05,05-JAN-2022,2941,INE717A01029,
KERNEX,BE,143.6,143.6,130.0,130.0,130.0,136.8,61406,8308509.1,05-JAN-2022,350,INE202H01019,
KESORAMIND,EQ,61.65,66.25,61.0,63.3,63.6,61.4,1245556,80138567.1,05-JAN-2022,10248,INE087A01019,
KEYFINSERV,EQ,101.8,103.7,101.5,103.2,103.0,104.0,4611,474683.35,05-JAN-2022,181,INE681C01015,
KHADIM,EQ,262.45,274.5,259.85,270.95,269.55,261.9,82419,22335697.95,05-JAN-2022,1581,INE834I01025,
KHAICHEM,EQ,66.45,66.95,64.95,66.35,66.45,65.7,131526,8727538.65,05-JAN-2022,2687,INE745B01028,
KHAITANLTD,EQ,31.0,32.15,29.25,31.2,31.0,30.65,8399,263348.6,05-JAN-2022,106,INE731C01018,
KHANDSE,EQ,20.0,20.0,19.25,19.3,19.3,19.45,7366,142919.5,05-JAN-2022,55,INE060B01014,
KICL,EQ,1867.0,1949.0,1867.0,1909.15,1900.0,1909.25,385,740528.95,05-JAN-2022,124,INE029L01018,
KILITCH,BE,261.6,261.6,248.6,248.6,248.6,261.65,17402,4354582.9,05-JAN-2022,246,INE729D01010,
KIMS,EQ,1484.0,1508.9,1453.65,1464.8,1461.0,1484.65,200789,296687129.25,05-JAN-2022,14616,INE967H01017,
KINGFA,EQ,1544.0,1555.0,1490.0,1507.85,1512.0,1526.45,13781,20987581.05,05-JAN-2022,2014,INE473D01015,
KIOCL,EQ,252.0,261.05,252.0,257.1,258.8,252.5,57706,14864684.4,05-JAN-2022,2575,INE880L01014,
KIRIINDUS,EQ,487.9,499.0,485.0,495.35,497.75,488.4,131897,65078055.55,05-JAN-2022,5609,INE415I01015,
KIRLFER,EQ,210.0,210.55,207.6,209.05,210.0,208.95,67520,14130635.8,05-JAN-2022,2810,INE884B01025,
KIRLOSBROS,EQ,335.0,342.95,330.55,337.85,336.0,333.55,25670,8633496.3,05-JAN-2022,597,INE732A01036,
KIRLOSENG,EQ,179.0,182.0,176.5,180.0,180.5,181.05,254924,45603637.05,05-JAN-2022,7322,INE146L01010,
KIRLOSIND,EQ,1519.95,1529.3,1505.0,1519.3,1528.0,1505.85,2295,3480471.6,05-JAN-2022,334,INE250A01039,
KITEX,EQ,206.9,226.5,205.25,220.05,220.0,207.0,3792483,829713257.55,05-JAN-2022,58111,INE602G01020,
KKCL,EQ,230.95,233.5,227.0,228.4,228.75,230.55,131398,30139728.85,05-JAN-2022,5536,INE401H01017,
KMSUGAR,EQ,35.7,36.7,31.65,31.9,31.9,33.0,5889335,199544044.05,05-JAN-2022,26357,INE157H01023,
KNRCON,EQ,296.7,298.75,292.55,294.65,295.6,296.3,667048,196717700.55,05-JAN-2022,11104,INE634I01029,
KOKUYOCMLN,EQ,62.1,62.85,61.5,61.7,61.75,62.2,137362,8535984.2,05-JAN-2022,1925,INE760A01029,
KOLTEPATIL,EQ,303.9,311.5,303.9,309.6,310.0,304.9,235180,72312844.05,05-JAN-2022,5902,INE094I01018,
KOPRAN,EQ,321.0,325.0,315.3,319.7,319.95,317.6,189467,60554511.1,05-JAN-2022,3629,INE082A01010,
KOTAKALPHA,EQ,34.5,35.95,34.5,34.97,35.0,35.07,290865,10152699.56,05-JAN-2022,385,INF174KA1IA5,
KOTAKBANK,EQ,1857.0,1928.35,1840.1,1922.15,1916.65,1852.6,4208167,8004865784.95,05-JAN-2022,135295,INE237A01028,
KOTAKBKETF,EQ,372.55,382.43,367.0,380.57,379.92,372.55,385938,146551256.34,05-JAN-2022,6161,INF174K01F59,
KOTAKGOLD,EQ,41.88,42.29,41.88,41.9,41.97,41.84,299861,12570523.49,05-JAN-2022,721,INF174KA1HJ8,
KOTAKIT,EQ,39.99,39.99,38.83,39.17,39.2,39.65,66679,2612959.28,05-JAN-2022,495,INF174KA1GC5,
KOTAKNIFTY,EQ,187.4,189.1,187.25,188.67,188.81,187.82,17801,3349427.16,05-JAN-2022,421,INF174K014P6,
KOTAKNV20,EQ,101.63,102.5,100.0,101.15,101.5,101.63,7425,748954.11,05-JAN-2022,313,INF174K01Z71,
KOTAKPSUBK,EQ,256.0,260.0,254.5,259.17,259.5,255.27,24323,6245201.91,05-JAN-2022,369,INF373I01023,
KOTARISUG,EQ,38.75,38.75,36.1,36.35,36.4,38.85,1211657,45165922.6,05-JAN-2022,6728,INE419A01022,
KOTHARIPET,EQ,68.55,68.55,65.5,65.8,66.3,67.85,254960,17042104.45,05-JAN-2022,3673,INE720A01015,
KOTHARIPRO,EQ,102.25,112.45,100.05,109.65,111.0,102.25,85349,9322857.3,05-JAN-2022,1628,INE823A01017,
KOTYARK,SM,192.35,192.35,192.35,192.35,192.35,183.2,10000,1923500.0,05-JAN-2022,4,INE0J0B01017,
KOVAI,EQ,1739.0,1752.55,1709.2,1720.1,1740.0,1725.0,2598,4495236.35,05-JAN-2022,460,INE177F01017,
KPIGLOBAL,EQ,351.55,361.0,349.95,361.0,361.0,343.85,69126,24721267.3,05-JAN-2022,1817,INE542W01017,
KPITTECH,EQ,609.15,609.15,591.0,594.2,595.15,608.15,1052466,629475186.6,05-JAN-2022,42906,INE04I401011,
KPRMILL,EQ,706.4,720.55,700.1,706.55,703.55,706.4,366556,260349582.7,05-JAN-2022,12850,INE930H01031,
KRBL,EQ,255.5,269.4,252.0,263.6,263.45,255.0,2537850,668418378.6,05-JAN-2022,34377,INE001B01026,
KREBSBIO,EQ,203.0,210.8,200.15,201.0,200.15,201.75,87364,18006599.1,05-JAN-2022,4378,INE268B01013,
KRIDHANINF,BE,7.7,8.2,7.7,7.7,7.7,8.1,229136,1769407.3,05-JAN-2022,391,INE524L01026,
KRISHANA,EQ,173.75,173.75,168.15,172.05,172.0,171.25,4260,733759.95,05-JAN-2022,93,INE506W01012,
KRITI,EQ,137.3,137.3,130.55,131.95,131.5,134.75,22976,3059341.2,05-JAN-2022,863,INE479D01038,
KRSNAA,EQ,777.7,796.0,760.85,777.8,776.55,767.0,206567,161326951.35,05-JAN-2022,15610,INE08LI01020,
KSB,EQ,1234.0,1253.0,1222.2,1227.0,1234.0,1231.45,8993,11117905.15,05-JAN-2022,1868,INE999A01015,
KSCL,EQ,558.4,569.7,545.4,549.6,550.0,563.45,80829,44956039.05,05-JAN-2022,5190,INE455I01029,
KSHITIJPOL,SM,35.5,37.0,35.5,36.5,36.5,37.25,13998,508594.0,05-JAN-2022,3,INE013801019,
KSL,EQ,321.1,340.45,320.55,335.15,335.5,322.95,108407,35965954.25,05-JAN-2022,4132,INE907A01026,
KSOLVES,SM,365.0,365.0,357.2,361.0,361.0,362.6,7200,2603620.0,05-JAN-2022,18,INE0D6I01015,
KTKBANK,EQ,63.2,65.9,62.75,64.4,64.3,63.1,2486621,159515698.1,05-JAN-2022,11200,INE614B01018,
KUANTUM,EQ,84.55,89.0,83.15,86.25,87.0,84.55,96714,8388282.5,05-JAN-2022,1287,INE529I01021,
L&TFH,EQ,79.1,80.75,78.95,80.55,80.55,79.1,6756104,540155265.65,05-JAN-2022,24128,INE498L01015,
L&TFINANCE,N8,1075.0,1079.97,1075.0,1079.97,1079.97,1074.12,210,225898.7,05-JAN-2022,3,INE027E07899,
L&TFINANCE,,1280.0,1285.0,1275.01,1275.01,1275.01,1275.0,480,614900.1,05-JAN-2022,7,INE027E07915,
L&TFINANCE,NE,1055.55,1055.55,1055.0,1055.0,1055.0,1055.0,154,162470.55,05-JAN-2022,6,INE027E07956,
L&TFINANCE,NI,1121.0,1121.0,1121.0,1121.0,1121.0,1121.1,1,1121.0,05-JAN-2022,1,INE027E07998,
L&TFINANCE,NM,1262.05,1262.05,1262.0,1262.03,1262.0,1250.05,30,37861.0,05-JAN-2022,2,INE027E07AD8,
L&TFINANCE,NO,1087.22,1090.0,1080.0,1085.17,1080.0,1090.0,540,586343.0,05-JAN-2022,16,INE027E07AF3,
L&TFINANCE,NY,1021.95,1021.95,1020.0,1020.0,1020.0,1021.99,311,317611.95,05-JAN-2022,26,INE027E07AS6,
L&TFINANCE,Y3,1011.0,1021.3,1010.0,1020.97,1020.0,1025.0,305,309218.0,05-JAN-2022,6,INE027E07AW8,
L&TFINANCE,Y5,1042.5,1049.0,1042.5,1049.0,1049.0,1047.17,266,278246.6,05-JAN-2022,15,INE027E07AY4,
L&TFINANCE,Y9,1058.0,1060.0,1049.1,1058.73,1059.5,1051.0,188,198569.76,05-JAN-2022,17,INE027E07BC8,
LAGNAM,EQ,60.25,74.9,60.25,74.9,74.9,62.45,646765,46874038.1,05-JAN-2022,4450,INE548Z01017,
LAKPRE,BZ,7.6,7.9,7.6,7.6,7.6,8.0,13765,104814.8,05-JAN-2022,33,INE651C01018,
LALPATHLAB,EQ,3828.5,3893.0,3800.0,3824.05,3821.0,3831.2,319061,1231740733.7,05-JAN-2022,27772,INE600L01024,
LAMBODHARA,EQ,101.05,104.8,101.05,102.75,103.3,102.95,36484,3762379.05,05-JAN-2022,894,INE112F01022,
LAOPALA,EQ,421.8,426.55,415.15,423.85,423.5,421.2,207066,87420099.85,05-JAN-2022,8165,INE059D01020,
LASA,EQ,68.8,68.8,65.8,66.05,66.0,67.65,160912,10763511.45,05-JAN-2022,2097,INE670X01014,
LATENTVIEW,EQ,544.9,571.95,538.1,552.4,552.5,545.15,1199768,667022812.3,05-JAN-2022,49928,INE0I7C01011,
LAURUSLABS,EQ,524.05,545.0,523.15,527.25,526.0,519.05,5622565,3008338693.9,05-JAN-2022,80541,INE947Q01028,
LAXMICOT,EQ,25.75,26.3,24.75,25.85,25.65,24.55,38364,989234.45,05-JAN-2022,228,INE801V01019,
LAXMIMACH,EQ,9420.0,9599.0,9280.0,9338.8,9320.55,9440.3,17739,168192066.85,05-JAN-2022,4618,INE269B01029,
LCCINFOTEC,BE,6.05,6.05,5.55,5.55,5.55,5.8,880294,4939753.05,05-JAN-2022,2151,INE938A01021,
LEMONTREE,EQ,49.4,49.45,47.2,47.8,47.75,49.25,2829151,135932786.4,05-JAN-2022,13802,INE970X01018,
LEXUS,SM,15.9,15.9,15.9,15.9,15.9,15.2,11000,174900.0,05-JAN-2022,9,INE500X01013,
LFIC,EQ,139.0,141.0,138.1,140.05,139.95,140.3,5791,806212.1,05-JAN-2022,185,INE850E01012,
LGBBROSLTD,EQ,648.0,648.0,633.0,635.45,633.5,648.2,66357,42515188.9,05-JAN-2022,3580,INE337A01034,
LGBFORGE,BE,18.6,18.7,17.85,18.7,18.7,17.85,256473,4769611.4,05-JAN-2022,543,INE201J01017,
LIBAS,EQ,31.4,31.5,30.2,30.9,30.9,31.0,333445,10332912.25,05-JAN-2022,1240,INE908V01012,
LIBERTSHOE,EQ,157.8,157.8,155.1,156.4,156.5,158.1,55551,8703996.1,05-JAN-2022,1239,INE557B01019,
LICHSGFIN,EQ,379.5,384.0,378.6,381.3,380.75,379.2,1828781,698299371.5,05-JAN-2022,28944,INE115A01026,
LICNETFGSC,EQ,22.73,22.9,22.39,22.61,22.64,22.73,9853,222829.56,05-JAN-2022,177,INF767K01MV5,
LICNETFN50,EQ,188.9,191.99,184.78,189.35,189.5,188.44,985,186121.71,05-JAN-2022,79,INF767K01OS7,
LICNETFSEN,EQ,636.0,651.9,636.0,647.98,646.93,645.55,30172,19459648.91,05-JAN-2022,78,INF767K01OT5,
LICNFNHGP,EQ,186.98,194.65,186.98,191.44,191.6,190.7,5554,1059732.78,05-JAN-2022,111,INF767K01PC8,
LIKHITHA,EQ,354.1,354.1,346.0,348.4,349.7,354.1,35234,12314770.3,05-JAN-2022,1871,INE060901019,
LINC,EQ,241.6,241.6,230.05,235.85,236.0,233.45,4643,1090915.95,05-JAN-2022,381,INE802B01019,
LINCOLN,EQ,364.1,364.5,357.6,360.3,360.5,363.2,38179,13785252.0,05-JAN-2022,3196,INE405C01035,
LINDEINDIA,EQ,2544.4,2709.9,2505.0,2537.0,2530.0,2528.3,518211,1364658749.4,05-JAN-2022,56530,INE473A01011,
LIQUIDBEES,EQ,1001.5,1001.5,998.3,999.99,999.99,999.99,1186851,1186845310.51,05-JAN-2022,7190,INF732E01037,
LIQUIDETF,EQ,999.99,1000.01,999.99,999.99,1000.0,1000.0,19199,19198935.59,05-JAN-2022,95,INF740KA1EU7,
LODHA,EQ,1255.0,1272.0,1232.2,1239.55,1240.0,1232.9,206029,257438921.85,05-JAN-2022,14472,INE670K01029,
LOKESHMACH,EQ,83.75,84.8,80.6,82.1,81.45,82.7,223213,18505881.25,05-JAN-2022,3245,INE397H01017,
LOTUSEYE,EQ,52.45,52.45,51.05,52.3,52.05,52.45,30210,1568647.15,05-JAN-2022,347,INE947I01017,
LOVABLE,BE,176.55,176.55,168.0,171.2,173.7,174.3,22493,3857044.8,05-JAN-2022,397,INE597L01014,
LPDC,BE,13.45,13.45,13.25,13.45,13.45,12.85,144810,1947230.05,05-JAN-2022,586,INE197J01017,
LSIL,BE,21.8,22.7,20.6,22.7,22.7,21.65,4367613,96683129.35,05-JAN-2022,14229,INE093R01011,
LT,EQ,1940.7,1951.0,1927.65,1948.6,1945.8,1937.55,1711667,3320421905.45,05-JAN-2022,64313,INE018A01030,
LTI,EQ,7530.0,7549.45,7282.4,7317.1,7319.1,7561.75,376964,2786008838.9,05-JAN-2022,42249,INE214T01019,
LTTS,EQ,5914.0,5918.85,5800.1,5842.6,5838.0,5916.3,289734,1694062777.35,05-JAN-2022,37992,INE010V01017,
LUMAXIND,EQ,1195.3,1202.45,1175.0,1185.05,1176.25,1189.35,12861,15251575.05,05-JAN-2022,1661,INE162B01018,
LUMAXTECH,EQ,165.9,174.5,162.0,169.15,169.0,165.85,308482,52417607.8,05-JAN-2022,8713,INE872H01027,
LUPIN,EQ,934.0,939.6,924.0,932.05,932.35,932.35,453467,422339373.8,05-JAN-2022,14739,INE326A01037,
LUXIND,EQ,3652.75,3688.2,3623.0,3644.45,3640.0,3652.75,36985,135054965.05,05-JAN-2022,6353,INE150G01020,
LXCHEM,EQ,434.0,434.7,425.0,428.25,429.4,432.9,324870,139424716.55,05-JAN-2022,11450,INE576O01020,
LYKALABS,BE,213.95,222.8,208.0,222.8,222.8,212.2,149394,32544294.6,05-JAN-2022,1686,INE933A01014,
LYPSAGEMS,EQ,6.35,6.35,5.8,5.9,5.85,6.1,173386,1036236.5,05-JAN-2022,445,INE142K01011,
M&M,EQ,830.0,847.0,830.0,839.5,839.0,831.85,2634010,2213213490.85,05-JAN-2022,76339,INE101A01026,
M&MFIN,EQ,153.25,156.4,152.25,154.35,154.95,153.0,4507475,698487135.8,05-JAN-2022,25947,INE774D01024,
M&MFIN,N1,1098.0,1098.0,1098.0,1098.0,1098.0,1080.0,30,32940.0,05-JAN-2022,1,INE774D08LU6,
M&MFIN,N2,1114.9,1114.9,1110.01,1114.0,1114.0,1113.16,150,166703.3,05-JAN-2022,6,INE774D08MA6,
M14RG,MF,16.95,16.95,15.76,16.25,16.25,16.0,11025,180406.25,05-JAN-2022,4,INF903JA1971,
MAANALU,EQ,118.9,122.0,116.8,118.3,118.3,117.85,27724,3289212.85,05-JAN-2022,1073,INE215I01019,
MACPOWER,EQ,194.0,195.0,188.3,190.05,192.5,193.75,8294,1590032.85,05-JAN-2022,258,INE155Z01011,
MADHAV,EQ,61.7,61.7,59.0,59.35,60.0,60.0,17066,1023817.4,05-JAN-2022,312,INE925C01016,
MADHUCON,BE,12.55,12.85,11.7,12.35,12.25,12.25,168779,2100824.1,05-JAN-2022,517,INE378D01032,
MADRASFERT,EQ,29.4,31.6,29.3,31.05,30.95,29.4,1733181,53366074.55,05-JAN-2022,6913,INE414A01015,
MAESGETF,EQ,29.72,30.57,29.72,30.54,30.57,30.31,2839,86412.0,05-JAN-2022,92,INF769K01GS9,
MAFANG,EQ,56.7,56.7,55.33,55.87,55.9,56.71,200553,11219615.53,05-JAN-2022,2434,INF769K01HF4,
MAFSETF,EQ,17.98,18.38,17.97,18.33,18.3,17.93,129905,2369862.9,05-JAN-2022,370,INF769K01HI8,
MAGADSUGAR,EQ,308.0,316.95,282.35,286.0,284.25,298.2,478561,144950445.05,05-JAN-2022,21945,INE347W01011,
MAGNUM,EQ,10.95,11.1,10.3,11.05,11.1,10.6,225524,2432158.8,05-JAN-2022,599,INE387I01016,
MAHABANK,EQ,20.35,20.95,20.3,20.45,20.45,20.2,9431120,193776260.1,05-JAN-2022,11202,INE457A01014,
MAHAPEXLTD,BE,91.1,94.25,90.4,94.0,94.25,93.4,2187,203029.05,05-JAN-2022,35,INE843B01013,
MAHASTEEL,EQ,82.05,84.0,82.05,83.25,83.5,83.7,11077,921967.15,05-JAN-2022,318,INE451L01014,
MAHEPC,EQ,123.5,123.55,121.3,122.45,122.55,123.05,18851,2311379.35,05-JAN-2022,683,INE215D01010,
MAHESHWARI,EQ,92.9,94.4,92.85,93.15,93.6,93.35,15699,1464475.6,05-JAN-2022,190,INE263W01010,
MAHINDCIE,EQ,229.9,232.0,227.0,227.85,227.4,230.3,127670,29185574.5,05-JAN-2022,5914,INE536H01010,
MAHKTECH,EQ,17.48,17.48,16.98,17.01,16.98,17.7,399683,6858594.83,05-JAN-2022,811,INF769K01HS7,
MAHLIFE,EQ,255.9,261.05,251.8,255.0,256.05,254.7,131551,33801235.3,05-JAN-2022,3502,INE813A01018,
MAHLOG,EQ,685.45,688.0,670.0,675.6,672.5,685.45,30674,20792417.55,05-JAN-2022,2286,INE766P01016,
MAHSCOOTER,EQ,3848.4,3905.0,3839.05,3872.8,3875.85,3812.0,49418,191534118.6,05-JAN-2022,5231,INE288A01013,
MAHSEAMLES,EQ,543.4,545.0,528.05,532.75,531.0,542.6,128823,68965795.35,05-JAN-2022,6945,INE271B01025,
MAITHANALL,EQ,1014.0,1051.0,1011.05,1040.55,1042.0,1011.95,106053,110185822.35,05-JAN-2022,8205,INE683C01011,
MALUPAPER,EQ,35.1,37.2,34.3,35.4,35.3,34.55,257182,9292337.4,05-JAN-2022,1513,INE383H01017,
MAN50ETF,EQ,183.5,185.0,183.22,184.46,184.41,183.76,23290,4295489.44,05-JAN-2022,235,INF769K01EG9,
MANAKALUCO,BE,28.0,28.0,27.0,27.0,27.0,28.4,109831,2974834.85,05-JAN-2022,935,INE859Q01017,
MANAKCOAT,BE,49.1,49.1,47.75,49.1,49.1,46.8,1194939,58645375.15,05-JAN-2022,5751,INE830Q01018,
MANAKSIA,EQ,79.0,79.3,76.25,76.7,76.9,78.1,143865,11117755.85,05-JAN-2022,2752,INE015D01022,
MANAKSTEEL,EQ,36.8,37.75,34.5,36.15,35.9,36.8,274099,9960356.15,05-JAN-2022,2892,INE824Q01011,
MANALIPETC,EQ,113.5,119.7,112.8,117.05,116.8,114.1,830662,97008572.55,05-JAN-2022,6915,INE201A01024,
MANAPPURAM,EQ,164.95,167.9,164.25,166.85,167.05,164.55,2220343,368513543.95,05-JAN-2022,13815,INE522D01027,
MANGALAM,EQ,139.95,139.95,134.1,136.3,135.5,137.15,28728,3910143.35,05-JAN-2022,1132,INE584F01014,
MANGCHEFER,EQ,73.6,75.75,72.6,74.35,73.1,73.15,459552,34237134.7,05-JAN-2022,4791,INE558B01017,
MANGLMCEM,EQ,390.75,399.0,388.0,396.2,396.3,390.75,31203,12292878.0,05-JAN-2022,1527,INE347A01017,
MANINDS,EQ,102.0,102.7,100.5,101.15,101.95,101.0,117717,11944661.5,05-JAN-2022,1918,INE993A01026,
MANINFRA,EQ,110.1,111.6,108.5,110.15,110.2,108.0,1517799,167030455.05,05-JAN-2022,15275,INE949H01023,
MANORG,EQ,1070.0,1070.0,1045.05,1052.4,1048.05,1059.0,5479,5761534.85,05-JAN-2022,803,INE370D01013,
MANUGRAPH,EQ,18.9,20.5,18.75,19.85,19.65,19.6,74526,1483223.75,05-JAN-2022,280,INE867A01022,
MANXT50,EQ,426.31,427.6,425.05,427.6,427.6,426.24,840,358741.69,05-JAN-2022,42,INF769K01FN2,
MAPMYINDIA,EQ,1770.2,1806.95,1746.05,1766.35,1773.0,1760.25,671339,1188840845.55,05-JAN-2022,46374,INE0BV301023,
MARALOVER,EQ,112.0,114.9,108.0,114.25,113.65,113.25,134149,14994047.5,05-JAN-2022,2137,INE882A01013,
MARATHON,EQ,107.2,108.85,105.9,108.85,108.85,103.7,81936,8886003.55,05-JAN-2022,784,INE182D01020,
MARICO,EQ,503.0,503.0,498.0,501.1,501.6,502.05,856040,427921444.0,05-JAN-2022,38528,INE196A01026,
MARINE,BE,38.7,38.8,36.1,37.55,37.9,37.85,457657,17012629.3,05-JAN-2022,3729,INE01JE01028,
MARKSANS,EQ,61.5,62.45,61.3,61.95,62.05,61.3,1020692,63245425.65,05-JAN-2022,5206,INE750C01026,
MARSHALL,EQ,42.85,42.85,39.8,40.2,40.4,41.4,104291,4247163.25,05-JAN-2022,856,INE00SZ01018,
MARUTI,EQ,7624.85,7808.0,7605.6,7775.35,7771.9,7630.1,710043,5489083028.45,05-JAN-2022,75781,INE585B01010,
MASFIN,EQ,623.9,633.2,615.55,618.05,619.95,623.9,64340,40091433.4,05-JAN-2022,6029,INE348L01012,
MASKINVEST,BE,40.0,40.0,38.0,39.9,39.9,40.0,737,28676.15,05-JAN-2022,30,INE885F01015,
MASPTOP50,EQ,31.0,31.0,30.63,30.89,30.95,31.07,224287,6928257.3,05-JAN-2022,314,INF769K01HP3,
MASTEK,EQ,3039.0,3039.0,2990.0,3012.9,3017.0,3028.25,38773,116672780.95,05-JAN-2022,7211,INE759A01021,
MATRIMONY,EQ,915.0,915.0,889.75,896.95,890.1,908.5,8573,7719262.7,05-JAN-2022,1508,INE866R01028,
MAWANASUG,EQ,88.0,90.55,85.1,85.8,85.9,88.05,251564,21986985.85,05-JAN-2022,2941,INE636A01039,
MAXHEALTH,EQ,425.5,432.0,405.75,408.05,408.1,428.75,1268951,526508874.4,05-JAN-2022,50468,INE027H01010,
MAXIND,EQ,74.85,75.25,74.6,74.7,74.75,74.85,105558,7891400.9,05-JAN-2022,429,INE0CG601016,
MAXVIL,EQ,129.0,130.95,128.1,129.75,130.95,129.45,158305,20461013.25,05-JAN-2022,2601,INE154U01015,
MAYURUNIQ,EQ,539.0,557.6,539.0,551.55,550.05,539.55,137467,75694057.85,05-JAN-2022,6317,INE040D01038,
MAZDA,EQ,611.9,625.0,611.9,621.55,624.5,610.25,2052,1270518.1,05-JAN-2022,157,INE885E01034,
MAZDOCK,EQ,288.4,293.4,286.9,291.25,291.25,287.95,695509,201903945.8,05-JAN-2022,14319,INE249Z01012,
MBAPL,EQ,175.15,179.9,175.15,175.7,175.55,177.65,10354,1838960.0,05-JAN-2022,199,INE900L01010,
MBECL,BE,8.5,8.5,7.7,8.5,8.5,8.1,529542,4431106.75,05-JAN-2022,847,INE748A01016,
MBLINFRA,EQ,35.9,36.0,33.8,34.15,34.3,35.55,445919,15417246.75,05-JAN-2022,2594,INE912H01013,
MCDHOLDING,BZ,123.0,123.0,117.0,118.5,118.1,119.5,6921,827592.9,05-JAN-2022,177,INE836H01014,
MCDOWELL-N,EQ,918.0,918.25,895.1,899.2,897.5,910.35,1264377,1140787655.8,05-JAN-2022,31959,INE854D01024,
MCL,EQ,33.75,33.75,32.15,33.2,33.3,33.1,39859,1318389.65,05-JAN-2022,392,INE813V01022,
MCLEODRUSS,EQ,29.25,29.35,27.9,28.15,28.1,29.0,886271,25107629.05,05-JAN-2022,2793,INE942G01012,
MCX,EQ,1620.0,1633.05,1598.65,1609.2,1609.6,1625.95,364277,586561663.75,05-JAN-2022,21125,INE745G01035,
MDL,SM,29.75,29.75,29.7,29.7,29.7,28.35,6000,178400.0,05-JAN-2022,3,INE575Z01010,
MEDICAMEQ,EQ,984.7,1000.0,947.5,966.65,960.1,983.7,41834,40561035.1,05-JAN-2022,2805,INE646B01010,
MEDPLUS,EQ,1040.5,1052.4,1021.75,1032.15,1038.0,1039.95,313959,324561530.45,05-JAN-2022,10168,INE804L01022,
MEGASOFT,BE,87.75,87.75,80.9,80.9,80.9,85.15,920857,76498981.9,05-JAN-2022,3924,INE933B01012,
MENONBE,EQ,82.9,84.45,79.65,82.7,82.65,82.2,123356,10182531.8,05-JAN-2022,1958,INE071D01033,
MEP,EQ,24.4,24.4,23.95,24.4,24.4,23.25,2095123,51104490.5,05-JAN-2022,1174,INE776I01010,
MERCATOR,BE,2.8,2.8,2.8,2.8,2.8,2.7,439058,1229362.4,05-JAN-2022,217,INE934B01028,
METALFORGE,BZ,7.8,7.8,7.1,7.7,7.75,7.45,128604,949698.45,05-JAN-2022,370,INE425A01011,
METROBRAND,EQ,437.25,448.7,428.75,439.85,440.0,436.6,360297,158575675.2,05-JAN-2022,13445,INE317I01021,
METROPOLIS,EQ,3440.0,3467.85,3400.5,3414.8,3410.05,3428.4,240243,826068329.45,05-JAN-2022,15121,INE112L01020,
MFL,EQ,780.0,783.0,764.0,775.65,775.0,779.95,28169,21746498.65,05-JAN-2022,2245,INE071N01016,
MFSL,EQ,1021.0,1032.25,1006.1,1013.0,1008.0,1027.15,289439,294797320.1,05-JAN-2022,20099,INE180A01020,
MGEL,EQ,124.55,126.9,121.55,124.95,124.0,122.4,44763,5516161.9,05-JAN-2022,247,INE0APB01016,
MGL,EQ,874.95,879.1,871.0,877.7,878.0,871.45,444278,389629437.75,05-JAN-2022,9821,INE002S01010,
MHHL,SM,41.85,41.85,38.8,39.5,39.5,39.85,87000,3484800.0,05-JAN-2022,27,INE450S01011,
MHRIL,EQ,187.95,190.0,186.65,188.65,188.95,187.95,186995,35209879.4,05-JAN-2022,4117,INE998I01010,
MICEL,EQ,30.1,30.1,30.1,30.1,30.1,27.4,116958,3520435.8,05-JAN-2022,177,INE287C01037,
MIDHANI,EQ,181.0,184.1,180.1,181.9,181.5,181.45,178787,32603818.55,05-JAN-2022,3472,INE099Z01011,
MILTON,SM,15.75,15.75,15.75,15.75,15.75,15.0,17600,277200.0,05-JAN-2022,3,INE376Y01016,
MINDACORP,EQ,196.0,205.0,195.45,203.45,201.8,196.7,3999221,805087224.0,05-JAN-2022,41941,INE842C01021,
MINDAIND,EQ,1157.45,1182.0,1126.1,1133.8,1135.8,1157.45,455190,521553387.45,05-JAN-2022,20268,INE405E01023,
MINDSPACE,RR,331.2,332.8,328.25,329.59,329.0,328.8,83251,27466738.99,05-JAN-2022,963,INE0CCU25019,
MINDTECK,BE,244.7,247.05,240.0,247.05,247.05,235.3,92798,22891990.9,05-JAN-2022,1474,INE110B01017,
MINDTREE,EQ,4760.0,4790.0,4640.15,4688.25,4680.0,4777.7,637999,2994686143.35,05-JAN-2022,46888,INE018I01017,
MIRCELECTR,EQ,29.8,30.7,28.65,30.3,30.5,29.45,924021,27261650.15,05-JAN-2022,2621,INE831A01028,
MIRZAINT,EQ,148.75,148.85,140.35,143.4,143.7,148.8,1832146,262798612.5,05-JAN-2022,32430,INE771A01026,
MITCON,SM,59.55,62.0,59.55,59.75,59.75,62.65,36000,2153400.0,05-JAN-2022,17,INE828O01033,
MITTAL,BE,24.8,24.85,22.55,24.8,24.85,23.7,343451,8346455.15,05-JAN-2022,2232,INE997Y01019,
MMFL,EQ,754.95,754.95,728.0,738.55,744.0,734.5,12831,9490849.05,05-JAN-2022,956,INE227C01017,
MMP,EQ,148.0,151.0,146.0,149.65,147.55,148.0,16038,2362840.2,05-JAN-2022,352,INE511Y01018,
MMTC,EQ,44.95,46.15,44.6,45.15,45.25,44.9,3406856,154779430.3,05-JAN-2022,11719,INE123F01029,
MODIRUBBER,BE,75.0,77.5,74.0,77.1,77.4,75.9,5019,383286.9,05-JAN-2022,64,INE832A01018,
MODISNME,EQ,82.3,84.75,81.5,82.55,82.4,82.3,63545,5239701.0,05-JAN-2022,705,INE737D01021,
MOGSEC,EQ,49.27,49.28,49.18,49.27,49.27,49.21,478,23543.0,05-JAN-2022,39,INF247L01AK4,
MOHITIND,EQ,16.75,16.75,15.3,15.85,16.0,16.05,20481,322117.1,05-JAN-2022,192,INE954E01012,
MOIL,EQ,169.35,170.3,168.6,169.05,169.1,169.05,212546,36041113.05,05-JAN-2022,4130,INE490G01020,
MOKSH,EQ,44.35,44.85,44.05,44.4,44.5,44.7,1254083,55765553.4,05-JAN-2022,1012,INE514Y01020,
MOL,EQ,110.0,110.6,108.0,108.7,108.8,109.9,567089,61832761.75,05-JAN-2022,4946,INE0CT101020,
MOLDTECH,EQ,85.8,85.8,81.8,82.55,83.0,84.5,51858,4313523.5,05-JAN-2022,998,INE835B01035,
MOLDTKPAC,EQ,815.0,840.0,812.7,820.9,821.25,812.65,50009,41412406.45,05-JAN-2022,7845,INE893J01029,
MOLDTKPAC,W1,630.0,648.9,630.0,630.0,630.0,601.1,473,298338.95,05-JAN-2022,16,INE893J13016,
MOM100,EQ,32.48,32.49,32.38,32.47,32.48,32.47,70340,2283441.61,05-JAN-2022,1167,INF247L01023,
MOM50,EQ,178.49,178.49,176.04,178.08,177.22,176.46,2455,434640.29,05-JAN-2022,124,INF247L01536,
MON100,EQ,121.0,121.0,119.26,119.54,119.5,121.47,863642,103266109.45,05-JAN-2022,10182,INF247L01AP3,
MONQ50,EQ,68.88,68.99,65.25,66.2,66.44,70.18,81005,5366534.57,05-JAN-2022,858,INF247L01AU3,
MONTECARLO,EQ,686.0,702.0,665.0,672.15,670.0,664.0,477645,326768096.25,05-JAN-2022,27319,INE950M01013,
MORARJEE,BE,33.35,33.35,30.3,31.5,32.0,31.85,33828,1067301.15,05-JAN-2022,230,INE161G01027,
MOREPENLAB,EQ,57.5,60.5,57.45,58.3,58.3,56.75,6737238,396982880.35,05-JAN-2022,26729,INE083A01026,
MOTHERSUMI,EQ,225.9,230.8,222.8,224.1,223.5,224.8,7600477,1714209161.1,05-JAN-2022,68757,INE775A01035,
MOTILALOFS,EQ,918.0,935.0,913.35,925.95,923.85,916.15,147263,136510850.25,05-JAN-2022,8668,INE338I01027,
MOTOGENFIN,BE,28.5,29.8,28.05,28.95,28.95,28.4,7889,230914.0,05-JAN-2022,58,INE861B01023,
MPHASIS,EQ,3380.0,3390.0,3295.0,3313.55,3317.0,3395.9,483649,1604200319.1,05-JAN-2022,35839,INE356A01018,
MPSLTD,EQ,655.0,678.5,655.0,665.45,669.0,650.15,13952,9304352.35,05-JAN-2022,1813,INE943D01017,
MRF,EQ,73937.2,74400.0,73783.0,74046.0,73922.35,73937.2,7370,546032008.9,05-JAN-2022,4185,INE883A01011,
MRO-TEK,EQ,63.65,63.75,60.1,63.75,63.75,60.75,35863,2275377.9,05-JAN-2022,311,INE398B01018,
MRPL,EQ,44.25,46.05,44.15,44.4,44.5,44.25,2238538,100747147.0,05-JAN-2022,8343,INE103A01014,
MSPL,EQ,15.0,15.45,14.35,14.75,14.75,15.9,12341775,182747645.05,05-JAN-2022,17579,INE752G01015,
MSTCLTD,EQ,346.2,364.0,346.2,354.95,356.0,337.15,1775494,635097463.8,05-JAN-2022,46576,INE255X01014,
MTARTECH,EQ,2448.0,2464.3,2396.0,2404.6,2404.05,2447.15,120968,293004816.4,05-JAN-2022,14401,INE864I01014,
MTEDUCARE,EQ,9.7,10.05,9.45,9.75,9.75,9.6,381243,3700524.05,05-JAN-2022,823,INE472M01018,
MTNL,EQ,32.55,34.15,31.7,31.9,31.8,33.35,11475327,374775487.45,05-JAN-2022,26738,INE153A01019,
MUKANDLTD,EQ,127.4,132.8,125.45,132.65,132.4,126.5,132229,17120967.15,05-JAN-2022,924,INE304A01026,
MUKTAARTS,EQ,47.8,50.0,47.75,48.8,48.3,47.85,41524,2026059.65,05-JAN-2022,445,INE374B01019,
MUNJALAU,EQ,52.95,54.6,52.5,53.35,53.4,52.75,205571,10983100.3,05-JAN-2022,2299,INE672B01032,
MUNJALSHOW,EQ,128.95,133.0,125.25,131.25,133.0,127.0,91439,11855128.8,05-JAN-2022,2054,INE577A01027,
MURUDCERA,EQ,30.05,30.05,28.9,29.2,29.25,29.65,127881,3745026.75,05-JAN-2022,1068,INE692B01014,
MUTHOOTCAP,EQ,354.0,358.9,354.0,356.95,357.35,353.0,5188,1850423.05,05-JAN-2022,332,INE296G01013,
MUTHOOTFIN,EQ,1535.0,1559.95,1529.2,1533.45,1533.2,1533.25,535612,826982758.25,05-JAN-2022,28875,INE414G01012,
NABARD,N1,1269.0,1269.0,1269.0,1269.0,1269.0,1269.0,100,126900.0,05-JAN-2022,1,INE261F07057,
NABARD,N2,1261.5,1263.99,1260.0,1260.78,1261.0,1262.0,2371,2990856.85,05-JAN-2022,63,INE261F07032,
NACLIND,EQ,95.0,95.4,92.55,93.85,94.0,94.85,195942,18392874.8,05-JAN-2022,3493,INE295D01020,
NAGAFERT,EQ,11.95,12.1,11.45,11.85,11.75,11.95,3090246,36238360.05,05-JAN-2022,2947,INE454M01024,
NAGREEKCAP,EQ,10.65,10.65,10.5,10.5,10.5,10.4,4289,45396.0,05-JAN-2022,6,INE245I01016,
NAGREEKEXP,EQ,39.8,39.95,38.0,38.3,38.5,39.25,9727,376636.35,05-JAN-2022,135,INE123B01028,
NAHARCAP,EQ,374.7,421.0,367.1,396.2,398.15,367.75,130560,52391814.05,05-JAN-2022,5389,INE049I01012,
NAHARINDUS,EQ,132.0,138.65,131.1,135.9,135.5,132.05,175907,23910142.25,05-JAN-2022,1926,INE289A01011,
NAHARPOLY,EQ,299.0,313.7,291.05,297.5,296.05,297.45,124080,37582026.3,05-JAN-2022,4690,INE308A01027,
NAHARSPING,BE,535.0,564.0,535.0,564.0,564.0,537.15,69069,38628774.85,05-JAN-2022,1297,INE290A01027,
NAM-INDIA,EQ,357.6,359.8,354.15,354.9,354.7,356.0,528171,188361617.55,05-JAN-2022,11823,INE298J01013,
NARMADA,SM,13.0,13.0,13.0,13.0,13.0,13.0,7200,93600.0,05-JAN-2022,1,INE117Z01011,
NATCOPHARM,EQ,915.0,921.75,912.6,915.15,915.0,914.75,233442,213866535.95,05-JAN-2022,5416,INE987B01026,
NATHBIOGEN,EQ,261.2,275.0,260.3,263.85,264.0,263.15,28570,7556721.05,05-JAN-2022,1306,INE448G01010,
NATIONALUM,EQ,102.4,103.8,101.2,103.45,103.35,102.1,18928897,1950355971.85,05-JAN-2022,41557,INE139A01034,
NATNLSTEEL,BE,6.05,6.05,5.6,6.05,6.05,5.8,103728,608506.0,05-JAN-2022,144,INE088B01015,
NAUKRI,EQ,5610.0,5644.0,5515.55,5617.95,5620.95,5609.15,241715,1347873266.4,05-JAN-2022,28580,INE663F01024,
NAVINFLUOR,EQ,4085.85,4105.0,4043.3,4055.95,4071.95,4109.85,80464,327987860.85,05-JAN-2022,9318,INE048G01026,
NAVKARCORP,EQ,42.9,43.7,42.2,42.7,42.45,42.95,342811,14726893.75,05-JAN-2022,2304,INE278M01019,
NAVNETEDUL,EQ,87.1,87.95,86.05,86.75,86.75,87.6,307281,26672553.65,05-JAN-2022,4212,INE060A01024,
NAZARA,EQ,2527.9,2529.95,2450.2,2472.25,2470.0,2510.65,48153,119473285.3,05-JAN-2022,6619,INE418L01021,
NBCC,EQ,45.85,47.0,45.15,46.6,46.55,45.95,7249170,336473685.1,05-JAN-2022,18148,INE095N01031,
NBIFIN,EQ,2285.0,2285.0,2230.0,2247.75,2230.0,2307.0,618,1388560.0,05-JAN-2022,159,INE365I01020,
NBVENTURES,EQ,111.65,117.0,111.25,116.5,117.0,111.0,585275,67281641.0,05-JAN-2022,8379,INE725A01022,
NCC,EQ,71.8,71.8,69.65,69.95,69.95,71.8,4962553,349675330.2,05-JAN-2022,17764,INE868B01028,
NCLIND,EQ,222.95,233.0,222.0,227.6,226.2,221.55,452234,103447913.1,05-JAN-2022,12396,INE732C01016,
NCPSESDL24,EQ,107.22,107.27,107.22,107.27,107.27,107.2,72,7720.19,05-JAN-2022,6,INF204KB18W4,
NDGL,EQ,1343.0,1396.0,1342.0,1359.75,1350.0,1360.85,235,320591.2,05-JAN-2022,54,INE756C01015,
NDL,EQ,123.05,129.0,123.05,125.65,125.4,123.15,118601,15061924.95,05-JAN-2022,2112,INE875G01030,
NDRAUTO,EQ,399.0,406.1,391.25,398.1,397.1,394.8,31725,12708828.55,05-JAN-2022,842,INE07OG01012,
NDTV,EQ,114.95,125.65,113.85,125.65,125.65,114.25,422314,51695440.3,05-JAN-2022,8183,INE155G01029,
NECCLTD,EQ,18.8,19.05,18.3,18.5,18.6,18.8,121408,2256005.7,05-JAN-2022,563,INE553C01016,
NECLIFE,EQ,28.2,31.95,27.85,30.75,30.8,28.2,2828849,86986383.45,05-JAN-2022,10611,INE023H01027,
NELCAST,EQ,83.6,84.8,82.25,83.2,83.65,83.0,155361,12931230.8,05-JAN-2022,2077,INE189I01024,
NELCO,BE,716.05,751.85,705.0,751.85,751.85,716.05,91023,66770897.15,05-JAN-2022,2316,INE045B01015,
NEOGEN,EQ,1905.0,1922.0,1827.0,1834.8,1834.0,1908.45,268912,502799934.35,05-JAN-2022,36111,INE136S01016,
NESCO,EQ,578.0,585.0,576.4,579.6,580.05,575.1,22355,13012156.75,05-JAN-2022,2387,INE317F01035,
NESTLEIND,EQ,19874.0,20025.0,19829.1,19935.75,19941.0,19889.05,32432,646719860.2,05-JAN-2022,10758,INE239A01016,
NETF,EQ,185.52,186.95,181.25,184.38,185.0,184.94,2406,445213.64,05-JAN-2022,181,INF277K015R5,
NETFCONSUM,EQ,77.1,77.35,76.3,77.02,77.32,76.95,7115,547820.12,05-JAN-2022,173,INF204KA1LD7,
NETFDIVOPP,EQ,46.98,46.98,45.05,46.15,46.15,45.9,1898,87467.67,05-JAN-2022,69,INF204KA1MS3,
NETFGILT5Y,EQ,49.23,49.29,49.13,49.23,49.23,49.28,685,33697.1,05-JAN-2022,17,INF204KC1030,
NETFIT,EQ,40.34,40.34,39.35,39.53,39.6,40.14,1511071,59878535.81,05-JAN-2022,7754,INF204KB15V2,
NETFLTGILT,EQ,22.85,22.85,22.6,22.77,22.77,22.78,69906,1589029.12,05-JAN-2022,412,INF204KB1882,
NETFMID150,EQ,119.82,119.82,118.01,118.63,118.93,118.82,99771,11872877.87,05-JAN-2022,1593,INF204KB1V68,
NETFNIF100,EQ,187.59,190.0,185.57,187.32,186.45,185.49,3148,588425.79,05-JAN-2022,105,INF204K014N5,
NETFNV20,EQ,104.0,104.59,82.05,101.76,101.82,103.03,38626,3827379.87,05-JAN-2022,226,INF204KB18I3,
NETFPHARMA,EQ,14.19,14.2,14.02,14.05,14.07,14.02,226116,3191489.75,05-JAN-2022,853,INF204KC1089,
NETFSDL26,EQ,106.74,106.74,106.6,106.6,106.6,106.76,93247,9949447.74,05-JAN-2022,22,INF204KC1022,
NETWORK18,EQ,90.4,91.5,88.7,89.95,90.2,90.4,1065511,95746737.9,05-JAN-2022,6332,INE870H01013,
NEULANDLAB,EQ,1564.1,1676.0,1541.0,1665.15,1660.1,1558.45,56073,91609463.6,05-JAN-2022,9387,INE794A01010,
NEWGEN,EQ,594.0,594.0,576.0,587.4,589.5,578.8,139574,81845560.6,05-JAN-2022,18544,INE619B01017,
NFL,EQ,55.3,59.4,54.8,56.7,56.6,54.95,6849895,394292770.85,05-JAN-2022,32693,INE870D01012,
NGIL,BE,321.1,321.1,308.0,309.0,308.0,321.1,10124,3149971.7,05-JAN-2022,179,INE236Y01012,
NH,EQ,633.0,662.0,630.9,653.7,649.95,635.5,356455,231976108.45,05-JAN-2022,14397,INE410P01011,
NHAI,N1,1020.8,1022.0,1020.5,1021.46,1021.07,1021.9,5420,5532700.82,05-JAN-2022,24,INE906B07CA1,
NHAI,N2,1196.0,1198.0,1194.26,1197.65,1194.26,1192.8,801,958779.8,05-JAN-2022,12,INE906B07CB9,
NHAI,N6,1311.0,1319.8,1311.0,1319.7,1319.7,1310.0,240,316492.8,05-JAN-2022,12,INE906B07DF8,
NHAI,N8,1147.01,1148.0,1147.01,1148.0,1148.0,1150.0,101,115849.0,05-JAN-2022,2,INE906B07EH2,
NHAI,N9,1249.0,1256.2,1249.0,1256.2,1256.2,1245.25,1580,1976876.0,05-JAN-2022,3,INE906B07EI0,
NHAI,,1254.0,1255.0,1254.0,1255.0,1255.0,1259.99,160,200668.4,05-JAN-2022,3,INE906B07EJ8,
NHAI,NE,1229.0,1229.0,1229.0,1229.0,1229.0,1229.9,200,245800.0,05-JAN-2022,1,INE906B07EP5,
NHBTF2014,N4,5306.0,5500.0,5300.0,5376.0,5300.0,5724.0,41,218421.0,05-JAN-2022,6,INE557F07116,
NHBTF2014,N6,6910.0,6923.0,6900.0,6923.0,6923.0,6879.4,220,1518723.02,05-JAN-2022,15,INE557F07132,
NHPC,EQ,31.5,31.6,31.2,31.5,31.55,31.35,3605860,113450748.9,05-JAN-2022,12732,INE848E01016,
NHPC,N5,1283.34,1283.34,1283.34,1283.34,1283.34,1282.62,20,25666.8,05-JAN-2022,1,INE848E07559,
NHPC,N6,1441.0,1441.0,1441.0,1441.0,1441.0,1441.0,17,24497.0,05-JAN-2022,1,INE848E07567,
NIACL,EQ,140.0,142.0,138.8,139.3,139.55,140.2,384139,53859381.6,05-JAN-2022,8232,INE470Y01017,
NIBL,EQ,25.8,25.95,24.45,25.3,25.85,25.4,25205,635977.1,05-JAN-2022,393,INE047O01014,
NIDAN,SM,50.65,51.15,49.7,49.75,49.9,51.25,36000,1810700.0,05-JAN-2022,36,INE0J6L01013,
NIFTYBEES,EQ,195.0,195.0,191.3,193.34,193.3,192.46,1532485,295558004.42,05-JAN-2022,28242,INF204KB14I2,
NIITLTD,EQ,489.0,489.0,463.2,475.6,477.0,491.2,896170,428709921.25,05-JAN-2022,30588,INE161A01038,
NILAINFRA,EQ,7.0,7.25,6.85,7.0,7.0,7.2,1533973,10674716.85,05-JAN-2022,1635,INE937C01029,
NILASPACES,BE,4.8,4.9,4.8,4.9,4.9,4.7,680148,3323877.8,05-JAN-2022,1183,INE00S901012,
NILKAMAL,EQ,2451.0,2484.75,2426.4,2463.25,2460.0,2462.5,2428,5974169.05,05-JAN-2022,656,INE310A01015,
NIPPOBATRY,EQ,499.9,500.6,488.05,491.0,491.95,498.95,9356,4623170.7,05-JAN-2022,729,INE567A01028,
NIRAJ,EQ,32.5,32.7,31.8,31.95,32.2,32.6,22473,724025.85,05-JAN-2022,363,INE368I01016,
NITCO,EQ,34.0,34.0,32.0,32.8,32.9,32.65,175835,5811980.8,05-JAN-2022,1156,INE858F01012,
NITINFIRE,BZ,2.2,2.2,2.2,2.2,2.2,2.1,270113,594248.6,05-JAN-2022,45,INE489H01020,
NITINSPIN,BE,288.0,288.0,274.0,275.8,275.9,281.65,141544,39488918.6,05-JAN-2022,1721,INE229H01012,
NITIRAJ,EQ,75.65,79.2,75.05,75.5,75.5,77.75,26457,2039730.75,05-JAN-2022,329,INE439T01012,
NKIND,EQ,40.75,40.75,40.75,40.75,40.75,37.05,1585,64588.75,05-JAN-2022,26,INE542C01019,
NLCINDIA,EQ,62.0,62.4,61.5,61.85,61.8,61.9,918413,56858689.7,05-JAN-2022,5195,INE589A01014,
NMDC,EQ,135.8,138.9,135.25,138.6,138.45,135.8,4986657,686008771.25,05-JAN-2022,26965,INE584A01023,
NOCIL,EQ,247.45,254.1,241.1,252.2,253.0,245.95,2008668,500919247.45,05-JAN-2022,30438,INE163A01018,
NOIDATOLL,EQ,8.65,8.65,8.15,8.15,8.15,8.55,516970,4272164.1,05-JAN-2022,640,INE781B01015,
NORBTEAEXP,EQ,8.8,9.0,8.8,9.0,9.0,9.35,3426,30613.0,05-JAN-2022,25,INE369C01017,
NOVARTIND,EQ,780.0,786.0,775.05,778.5,779.0,773.55,13637,10664474.9,05-JAN-2022,1320,INE234A01025,
NPBET,EQ,187.05,196.49,187.02,195.04,194.5,188.48,15339,2971889.45,05-JAN-2022,220,INF277K010X4,
NRAIL,EQ,256.5,272.0,256.5,264.2,262.9,255.45,61109,16216076.4,05-JAN-2022,2749,INE740D01017,
NRBBEARING,EQ,169.95,186.75,165.75,183.5,186.7,169.75,1977730,355596187.2,05-JAN-2022,30259,INE349A01021,
NRL,ST,120.25,120.25,120.25,120.25,120.25,114.55,50000,6012500.0,05-JAN-2022,19,INE0JM501013,
NSIL,EQ,1565.4,1584.35,1516.0,1566.25,1566.0,1566.2,1035,1609553.5,05-JAN-2022,211,INE023A01030,
NTL,BE,3.2,3.2,3.2,3.2,3.2,3.35,7865,25168.0,05-JAN-2022,19,INE333I01036,
NTPC,EQ,132.6,132.85,130.7,132.0,131.8,132.9,16122852,2124707723.3,05-JAN-2022,87045,INE733E01010,
NTPC,N1,1399.99,1399.99,1111.0,1111.0,1111.0,1220.0,63,86681.44,05-JAN-2022,5,INE733E07JE0,
NTPC,N2,1230.0,1230.0,1230.0,1230.0,1230.0,1230.0,5,6150.0,05-JAN-2022,2,INE733E07JF7,
NTPC,N4,1125.0,1125.05,1090.65,1124.0,1124.0,1125.05,705,785496.3,05-JAN-2022,10,INE733E07JH3,
NTPC,N6,1390.0,1390.0,1390.0,1390.0,1390.0,1380.0,10,13900.0,05-JAN-2022,1,INE733E07JJ9,
NTPC,N7,14.02,14.2,14.0,14.04,14.04,14.03,121015,1700206.77,05-JAN-2022,148,INE733E07JP6,
NTPC,,1285.0,1285.0,1285.0,1285.0,1285.0,1362.0,40,51400.0,05-JAN-2022,1,INE733E07JT8,
NTPC,ND,1310.0,1310.0,1310.0,1310.0,1310.0,1295.0,1,1310.0,05-JAN-2022,1,INE733E07JW2,
NUCLEUS,EQ,560.4,571.0,557.0,565.25,565.65,560.0,49759,28067070.55,05-JAN-2022,3228,INE096B01018,
NURECA,EQ,2100.0,2100.0,2000.9,2012.25,2015.0,2068.85,56026,113665943.65,05-JAN-2022,6739,INE0DSF01015,
NUVOCO,EQ,495.0,498.8,493.45,495.7,494.85,494.85,121022,59939177.5,05-JAN-2022,6597,INE118D01016,
NXTDIGITAL,EQ,373.5,425.0,370.15,402.45,405.0,373.7,101382,40765614.7,05-JAN-2022,5609,INE353A01023,
NYKAA,EQ,2121.0,2122.35,2035.0,2043.0,2042.0,2113.95,904762,1864200701.0,05-JAN-2022,57077,INE388Y01029,
OAL,EQ,789.0,809.85,780.05,783.25,786.0,776.55,13874,11017636.55,05-JAN-2022,1512,INE959C01023,
OBEROIRLTY,EQ,896.0,934.0,883.0,923.85,933.0,896.0,1378550,1256291020.65,05-JAN-2022,28677,INE093I01010,
OCCL,EQ,979.55,989.0,970.25,982.6,986.0,977.45,7336,7183575.35,05-JAN-2022,538,INE321D01016,
OFSS,EQ,4103.5,4129.1,4030.0,4043.7,4043.0,4085.45,91269,370214395.2,05-JAN-2022,11569,INE881D01027,
OIL,EQ,198.9,198.95,194.05,194.95,194.1,196.95,848201,166309677.6,05-JAN-2022,14368,INE274J01014,
OILCOUNTUB,EQ,10.4,10.4,9.55,10.0,10.0,10.0,30423,301982.65,05-JAN-2022,230,INE591A01010,
OLECTRA,EQ,835.0,836.8,801.1,810.25,812.0,831.45,142237,115676594.0,05-JAN-2022,7857,INE260D01016,
OMAXAUTO,EQ,50.0,51.25,49.05,49.65,49.5,50.0,10906,543479.7,05-JAN-2022,185,INE090B01011,
OMAXE,EQ,84.2,86.35,81.4,83.55,83.8,83.0,574197,48147996.95,05-JAN-2022,6099,INE800H01010,
OMINFRAL,EQ,41.45,42.45,38.3,38.8,39.45,39.95,621229,25069419.75,05-JAN-2022,5392,INE239D01028,
OMKARCHEM,EQ,29.9,29.9,29.9,29.9,29.9,31.45,54496,1629430.4,05-JAN-2022,248,INE474L01016,
ONELIFECAP,EQ,15.3,16.05,14.85,16.05,16.05,15.3,146664,2292710.8,05-JAN-2022,512,INE912L01015,
ONEPOINT,EQ,84.5,84.95,81.75,84.05,84.0,84.25,73339,6131504.45,05-JAN-2022,824,INE840Y01011,
ONGC,EQ,148.5,151.1,147.4,150.35,150.0,147.8,12977680,1936407686.9,05-JAN-2022,163722,INE213A01029,
ONMOBILE,EQ,105.3,115.7,104.5,111.75,111.0,105.3,2836529,317681237.0,05-JAN-2022,31977,INE809I01019,
ONWARDTEC,EQ,284.0,284.0,272.35,276.9,278.35,281.05,32840,9128275.35,05-JAN-2022,1355,INE229A01017,
OPTIEMUS,EQ,314.4,314.4,303.0,309.6,309.0,309.65,97048,30024965.3,05-JAN-2022,2421,INE350C01017,
ORBTEXP,EQ,75.45,84.85,74.3,81.8,80.3,73.5,594267,48081994.85,05-JAN-2022,8909,INE231G01010,
ORCHPHARMA,BE,401.0,403.6,392.5,399.5,399.95,399.8,4728,1879904.55,05-JAN-2022,247,INE191A01027,
ORICONENT,EQ,38.25,39.05,38.0,38.25,38.25,38.2,227741,8772691.0,05-JAN-2022,1699,INE730A01022,
ORIENTABRA,EQ,30.85,31.2,30.0,30.15,30.2,30.75,120806,3696192.45,05-JAN-2022,1352,INE569C01020,
ORIENTALTL,EQ,12.0,12.95,11.75,12.3,12.25,12.1,621833,7741045.9,05-JAN-2022,1895,INE998H01012,
ORIENTBELL,EQ,348.95,356.0,346.5,352.2,351.15,347.7,24766,8688002.35,05-JAN-2022,600,INE607D01018,
ORIENTCEM,EQ,164.45,167.75,162.25,165.7,165.6,164.45,368835,61098945.45,05-JAN-2022,6491,INE876N01018,
ORIENTELEC,EQ,372.9,372.9,367.0,368.3,368.0,371.2,64538,23801406.15,05-JAN-2022,5153,INE142Z01019,
ORIENTHOT,EQ,45.7,46.45,43.8,44.05,44.2,45.2,444677,19842774.9,05-JAN-2022,4269,INE750A01020,
ORIENTLTD,EQ,72.8,73.55,71.0,71.35,71.8,71.85,4799,345496.8,05-JAN-2022,139,INE609C01024,
ORIENTPPR,EQ,32.5,33.55,32.05,32.55,32.5,32.4,2670638,87931980.2,05-JAN-2022,7156,INE592A01026,
ORISSAMINE,EQ,2850.0,2924.8,2736.65,2772.05,2759.0,2836.4,128271,362985203.7,05-JAN-2022,21955,INE725E01024,
ORTINLAB,EQ,32.95,33.35,32.05,32.65,32.55,32.95,76419,2503020.0,05-JAN-2022,750,INE749B01020,
OSIAHYPER,SM,227.0,235.0,227.0,235.0,235.0,227.0,2800,651160.0,05-JAN-2022,6,INE06IR01013,
OSWALAGRO,EQ,37.9,38.95,37.5,37.5,37.5,39.45,135671,5119361.95,05-JAN-2022,871,INE142A01012,
PAGEIND,EQ,40765.5,41586.7,40701.55,41210.95,41274.9,40959.85,13700,564719617.75,05-JAN-2022,5737,INE761H01022,
PAISALO,EQ,704.9,737.95,691.45,726.1,722.35,702.15,158381,112658224.95,05-JAN-2022,3453,INE420C01042,
PALASHSECU,BE,84.45,87.95,81.1,86.0,86.0,84.45,5149,435781.85,05-JAN-2022,36,INE471W01019,
PALREDTEC,EQ,249.0,252.75,235.0,244.2,243.0,244.0,42104,10240494.0,05-JAN-2022,1091,INE218G01033,
PANACEABIO,EQ,203.35,204.0,198.0,198.6,198.85,196.7,170064,34156251.0,05-JAN-2022,3607,INE922B01023,
PANACHE,EQ,71.7,73.5,69.4,70.85,71.6,71.4,10503,746888.15,05-JAN-2022,237,INE895W01019,
PANAMAPET,EQ,256.0,305.0,252.95,286.6,287.25,256.85,3400424,991804846.8,05-JAN-2022,82155,INE305C01029,
PANSARI,EQ,113.55,119.5,113.55,113.8,113.85,119.5,4219,481734.35,05-JAN-2022,236,INE697V01011,
PAR,EQ,196.55,200.75,190.05,191.7,192.9,196.7,19672,3843162.15,05-JAN-2022,750,INE04LG01015,
PARACABLES,BE,13.9,14.5,13.25,14.25,14.3,13.9,321626,4461574.9,05-JAN-2022,1088,INE074B01023,
PARAGMILK,EQ,121.55,123.3,118.15,120.85,120.7,120.6,954601,116178220.65,05-JAN-2022,13129,INE883N01014,
PARAS,EQ,734.0,738.8,722.4,724.75,724.1,733.45,148753,108283104.0,05-JAN-2022,9998,INE045601015,
PARSVNATH,BE,22.45,23.35,21.7,22.7,22.9,22.25,740793,16812630.65,05-JAN-2022,1382,INE561H01026,
PARTYCRUS,SM,83.55,83.55,81.5,83.55,83.55,79.6,30000,2500100.0,05-JAN-2022,14,INE06ZX01015,
PASHUPATI,SM,81.0,82.15,81.0,82.15,82.15,84.9,6400,523600.0,05-JAN-2022,4,INE124Y01010,
PASUPTAC,EQ,50.75,53.9,47.5,48.15,48.0,50.75,555630,27908089.15,05-JAN-2022,4492,INE818B01023,
PATELENG,BE,29.95,31.6,29.8,31.2,31.15,30.2,1065136,32844325.0,05-JAN-2022,2592,INE244B01030,
PATINTLOG,EQ,15.9,16.3,15.35,15.5,15.55,15.8,135680,2136501.8,05-JAN-2022,684,INE529D01014,
PATINTPP,E1,6.45,6.45,5.5,6.0,6.05,6.05,242299,1449292.55,05-JAN-2022,424,IN9529D01012,
PATSPINLTD,BE,13.45,13.45,13.45,13.45,13.45,14.15,16383,220351.35,05-JAN-2022,60,INE790C01014,
PAYTM,EQ,1323.5,1325.7,1285.35,1288.35,1288.95,1317.75,1731917,2248318364.2,05-JAN-2022,115226,INE982J01020,
PBAINFRA,EQ,13.7,13.9,13.25,13.4,13.45,13.7,19741,267713.55,05-JAN-2022,100,INE160H01019,
PCHFL,N2,1040.0,1040.0,1040.0,1040.0,1040.0,1037.0,25,26000.0,05-JAN-2022,2,INE516Y07386,
PCHFL,N4,1030.0,1030.0,1030.0,1030.0,1030.0,1040.0,25,25750.0,05-JAN-2022,1,INE516Y07394,
PCHFL,N6,1021.5,1031.45,1021.5,1030.0,1030.0,1021.73,345,354591.55,05-JAN-2022,7,INE516Y07402,
PCHFL,N8,1040.0,1040.0,1040.0,1040.0,1040.0,1049.99,73,75920.0,05-JAN-2022,1,INE516Y07410,
PCJEWELLER,EQ,26.9,27.9,26.45,26.85,26.9,26.9,3055722,83088979.15,05-JAN-2022,6356,INE785M01013,
PDMJEPAPER,EQ,48.7,48.7,44.0,44.3,44.4,43.4,2044788,94065887.25,05-JAN-2022,19200,INE865T01018,
PDSMFL,EQ,1688.0,1688.0,1592.0,1597.65,1597.0,1655.9,3613,5849306.3,05-JAN-2022,727,INE111Q01013,
PEARLPOLY,EQ,18.5,18.5,17.75,18.1,18.5,18.4,78615,1421239.25,05-JAN-2022,457,INE844A01013,
PEL,EQ,2677.8,2750.0,2620.0,2657.6,2653.0,2678.45,703097,1878412715.15,05-JAN-2022,35904,INE140A01024,
PENIND,EQ,34.4,36.25,34.0,35.4,35.3,34.0,1308620,46345784.7,05-JAN-2022,4670,INE932A01024,
PENINLAND,BE,16.35,16.35,15.65,15.7,15.65,16.45,314193,4935379.1,05-JAN-2022,466,INE138A01028,
PENTAGOLD,SM,105.0,108.15,105.0,108.15,108.15,103.0,6000,639450.0,05-JAN-2022,2,INE175Y01012,
PERSISTENT,EQ,4837.05,4837.9,4671.65,4678.95,4680.0,4836.2,369971,1745984162.0,05-JAN-2022,36154,INE262H01013,
PETRONET,EQ,218.3,222.35,217.7,219.2,218.65,218.3,3123005,688018184.7,05-JAN-2022,34826,INE347G01014,
PFC,EQ,123.75,124.35,123.1,123.8,123.75,123.35,1907740,236041200.95,05-JAN-2022,12790,INE134E01011,
PFC,N4,1018.0,1022.0,1018.0,1022.0,1022.0,1022.8,571,581993.8,05-JAN-2022,8,INE134E07190,
PFC,N8,1386.0,1386.0,1383.0,1383.0,1383.0,1385.12,20,27690.0,05-JAN-2022,2,INE134E07463,
PFIZER,EQ,5070.0,5135.0,5023.55,5063.8,5068.0,5064.7,28765,145696643.75,05-JAN-2022,3572,INE182A01018,
PFOCUS,EQ,69.5,72.5,69.0,69.65,69.15,70.25,56558,3970332.05,05-JAN-2022,423,INE367G01038,
PFS,EQ,19.65,20.25,19.55,19.75,19.8,19.7,1199418,23938961.9,05-JAN-2022,2713,INE560K01014,
PGEL,EQ,786.25,853.0,780.1,843.5,849.0,786.25,217397,179957034.25,05-JAN-2022,20002,INE457L01011,
PGHH,EQ,15490.0,15629.95,15304.4,15492.05,15550.0,15484.35,7274,113050204.8,05-JAN-2022,2978,INE179A01014,
PGHL,EQ,5220.0,5245.0,5169.05,5186.8,5200.0,5218.95,4968,25844337.8,05-JAN-2022,1409,INE199A01012,
PGIL,EQ,345.0,363.0,344.45,346.95,348.45,347.55,17849,6295794.85,05-JAN-2022,942,INE940H01014,
PGINVIT,IV,122.0,122.75,121.35,122.34,122.35,121.96,851735,104122330.68,05-JAN-2022,2433,INE0GGX23010,
PHILIPCARB,EQ,237.55,239.55,234.6,235.35,235.5,237.55,622143,147220796.85,05-JAN-2022,9675,INE602A01023,
PHOENIXLTD,EQ,980.3,987.95,967.1,980.15,981.0,979.35,153013,150006276.55,05-JAN-2022,14890,INE211B01039,
PIDILITIND,EQ,2601.7,2662.0,2585.0,2637.95,2637.0,2599.2,1187260,3118788140.1,05-JAN-2022,57571,INE318A01026,
PIIND,EQ,3027.25,3051.85,2961.2,2993.2,2990.0,3013.9,314219,947460906.05,05-JAN-2022,21388,INE603J01030,
PILANIINVS,EQ,1882.6,1882.6,1866.0,1874.95,1875.0,1873.85,2110,3954331.6,05-JAN-2022,319,INE417C01014,
PILITA,EQ,11.0,11.0,10.15,10.25,10.2,10.75,3990619,41469937.45,05-JAN-2022,6748,INE600A01035,
PIONDIST,EQ,185.7,185.7,179.0,179.65,179.65,182.1,22445,4045743.95,05-JAN-2022,336,INE889E01010,
PIONEEREMB,EQ,63.0,65.45,62.55,62.75,62.6,62.8,439996,27990545.3,05-JAN-2022,3944,INE156C01018,
PITTIENG,EQ,253.9,253.9,237.25,239.95,240.95,249.7,223179,53948618.0,05-JAN-2022,3481,INE450D01021,
PKTEA,BE,306.8,306.8,287.0,301.0,301.0,300.75,208,62147.0,05-JAN-2022,8,INE431F01018,
PLASTIBLEN,EQ,234.7,240.25,233.8,238.15,238.35,234.8,15962,3789973.5,05-JAN-2022,557,INE083C01022,
PNB,EQ,38.1,39.05,38.05,38.75,38.75,38.35,46559579,1796964715.6,05-JAN-2022,51980,INE160A01022,
PNBGILTS,EQ,67.45,69.35,67.0,68.8,68.8,67.15,370827,25349210.55,05-JAN-2022,3197,INE859A01011,
PNBHOUSING,EQ,489.1,512.25,482.0,489.5,489.95,489.95,372208,184549482.1,05-JAN-2022,17556,INE572E01012,
PNC,EQ,57.55,61.0,56.35,57.95,58.0,56.85,111202,6590635.25,05-JAN-2022,1860,INE392B01011,
PNCINFRA,EQ,277.95,286.0,275.0,284.55,285.2,276.55,402685,113264933.4,05-JAN-2022,10062,INE195J01029,
PODDARHOUS,EQ,196.75,196.75,190.5,190.8,190.8,195.15,2887,557718.2,05-JAN-2022,193,INE888B01018,
PODDARMENT,EQ,289.8,343.85,285.0,316.5,314.5,289.35,198695,64828744.4,05-JAN-2022,9026,INE371C01013,
POKARNA,EQ,736.5,736.5,715.6,720.9,720.1,730.05,39415,28436281.15,05-JAN-2022,2150,INE637C01025,
POLICYBZR,EQ,968.0,968.0,933.0,942.7,938.2,965.05,401811,378899392.25,05-JAN-2022,29318,INE417T01026,
POLYCAB,EQ,2463.0,2479.0,2455.15,2461.95,2460.65,2467.4,118766,292875693.8,05-JAN-2022,12604,INE455K01017,
POLYMED,EQ,951.75,994.0,949.0,976.7,973.0,951.7,111377,109206569.65,05-JAN-2022,13498,INE205C01021,
POLYPLEX,EQ,1898.05,1969.0,1890.2,1934.7,1933.0,1889.15,183597,355640196.55,05-JAN-2022,19448,INE633B01018,
PONNIERODE,EQ,265.0,265.15,255.15,265.15,265.15,241.05,97185,25729263.55,05-JAN-2022,1372,INE838E01017,
POONAWALLA,EQ,231.7,234.8,225.65,228.4,228.0,230.8,3303220,760040787.1,05-JAN-2022,23373,INE511C01022,
POONAWALLA,N1,1046.3,1046.3,1046.3,1046.3,1046.3,1060.0,5,5231.5,05-JAN-2022,1,INE511C07656,
POWERGRID,EQ,210.0,211.35,208.05,208.65,208.4,210.6,7173831,1502132401.35,05-JAN-2022,50863,INE752E01010,
POWERINDIA,EQ,2504.35,2532.0,2452.65,2489.75,2480.55,2504.35,39850,98989172.4,05-JAN-2022,10670,INE07Y701011,
POWERMECH,EQ,938.7,945.4,920.05,926.7,923.2,938.7,9652,9008881.3,05-JAN-2022,1125,INE211R01019,
PPAP,EQ,226.95,229.8,223.7,227.25,226.9,227.9,6388,1446563.8,05-JAN-2022,466,INE095I01015,
PPL,EQ,133.3,136.35,133.3,134.7,135.0,134.65,53526,7220792.6,05-JAN-2022,1555,INE050001010,
PRAENG,BE,21.9,23.35,21.85,22.35,22.6,22.95,150971,3369257.85,05-JAN-2022,429,INE505C01016,
PRAJIND,EQ,355.0,370.8,346.0,367.7,366.75,354.5,2313603,840231609.0,05-JAN-2022,47748,INE074A01025,
PRAKASH,EQ,54.5,56.3,54.1,55.65,55.7,54.4,1229948,67991818.2,05-JAN-2022,6260,INE603A01013,
PRAKASHSTL,EQ,7.75,7.75,7.55,7.75,7.75,7.4,1680723,13009141.95,05-JAN-2022,2208,INE696K01024,
PRAXIS,EQ,47.0,47.55,46.0,47.55,47.55,45.3,70612,3347162.0,05-JAN-2022,343,INE546Y01022,
PRECAM,EQ,147.0,147.9,142.0,143.0,143.0,146.65,222167,32123437.15,05-JAN-2022,6334,INE484I01029,
PRECOT,EQ,310.0,317.2,303.7,310.3,314.4,302.1,41620,13025205.05,05-JAN-2022,4784,INE283A01014,
PRECWIRE,EQ,71.3,74.1,70.0,72.95,72.9,70.25,395421,28673436.95,05-JAN-2022,5188,INE372C01037,
PREMEXPLN,EQ,238.0,239.0,235.05,236.45,235.05,235.45,4932,1168363.6,05-JAN-2022,265,INE863B01011,
PREMIER,BE,11.85,11.85,10.95,10.95,10.95,11.5,122178,1361062.95,05-JAN-2022,223,INE342A01018,
PREMIERPOL,EQ,92.0,94.1,91.0,92.05,91.4,93.55,18183,1680347.8,05-JAN-2022,398,INE309M01012,
PRESSMN,EQ,34.75,35.0,33.5,33.7,33.7,34.5,59713,2033820.7,05-JAN-2022,672,INE980A01023,
PRESTIGE,EQ,472.6,476.05,465.45,470.95,471.25,472.45,334060,157192001.1,05-JAN-2022,8889,INE811K01011,
PRICOLLTD,EQ,120.35,123.1,120.35,122.6,122.6,120.3,887000,108429658.95,05-JAN-2022,12280,INE726V01018,
PRIMESECU,EQ,115.0,117.5,106.35,111.35,111.65,115.65,42990,4802923.8,05-JAN-2022,802,INE032B01021,
PRINCEPIPE,EQ,707.95,707.95,698.25,698.85,698.95,701.2,296655,208031236.7,05-JAN-2022,19233,INE689W01016,
PRITI,SM,75.5,75.5,73.0,73.75,74.0,73.5,32000,2369280.0,05-JAN-2022,9,INE974Z01015,
PRITIKAUTO,EQ,19.3,19.55,18.8,18.9,19.0,19.05,252944,4821064.35,05-JAN-2022,843,INE583R01029,
PRIVISCL,EQ,1945.0,1957.0,1912.2,1929.25,1933.0,1938.2,16316,31543997.0,05-JAN-2022,3126,INE959A01019,
PROZONINTU,BE,33.4,35.95,33.3,34.05,34.45,34.7,254916,8697643.15,05-JAN-2022,1715,INE195N01013,
PRSMJOHNSN,EQ,130.0,133.5,129.6,129.9,129.9,130.55,201323,26428103.3,05-JAN-2022,3614,INE010A01011,
PSB,EQ,16.45,16.75,16.45,16.6,16.55,16.45,291291,4830812.55,05-JAN-2022,1134,INE608A01012,
PSPPROJECT,EQ,492.0,493.8,482.0,488.35,485.9,491.25,57589,28015919.7,05-JAN-2022,3839,INE488V01015,
PSUBNKBEES,EQ,28.24,29.07,28.24,28.93,29.0,28.54,2343660,67472268.04,05-JAN-2022,3354,INF204KB16I7,
PTC,EQ,111.05,112.0,109.55,110.3,110.6,111.05,468272,51932968.85,05-JAN-2022,5501,INE877F01012,
PTL,EQ,33.0,33.05,31.85,32.2,32.1,32.8,294848,9513898.6,05-JAN-2022,2588,INE034D01049,
PUNJABCHEM,EQ,1513.0,1563.3,1494.5,1501.1,1503.7,1513.2,30139,46339203.0,05-JAN-2022,4349,INE277B01014,
PUNJLLOYD,BZ,3.75,3.75,3.75,3.75,3.75,3.9,371420,1392825.0,05-JAN-2022,159,INE701B01021,
PURVA,EQ,137.5,140.35,137.1,138.75,138.0,139.65,111805,15500411.0,05-JAN-2022,2569,INE323I01011,
PVP,EQ,8.95,8.95,8.55,8.95,8.95,8.55,449645,3992538.9,05-JAN-2022,825,INE362A01016,
PVR,EQ,1336.0,1368.0,1319.35,1362.7,1358.15,1346.75,1398439,1886532962.75,05-JAN-2022,39369,INE191H01014,
QGOLDHALF,EQ,41.3,41.45,41.15,41.35,41.3,41.25,58766,2429815.3,05-JAN-2022,187,INF082J01408,
QNIFTY,EQ,1860.0,1860.0,1860.0,1860.0,1860.0,1854.0,4,7440.0,05-JAN-2022,2,INF082J01028,
QUADPRO,SM,14.4,14.4,13.55,13.7,13.55,14.4,90000,1243800.0,05-JAN-2022,14,INE0GOJ01027,
QUESS,EQ,878.0,880.35,859.0,867.35,865.0,882.3,41578,36042669.65,05-JAN-2022,4788,INE615P01015,
QUICKHEAL,EQ,238.9,246.05,235.6,244.45,244.45,238.4,266115,64535893.6,05-JAN-2022,6911,INE306L01010,
RADAAN,BE,1.5,1.5,1.5,1.5,1.5,1.45,12919,19378.5,05-JAN-2022,15,INE874F01027,
RADICO,EQ,1232.0,1294.0,1225.8,1266.75,1268.0,1229.6,1415943,1794368329.65,05-JAN-2022,58132,INE944F01028,
RADIOCITY,EQ,24.2,24.9,24.05,24.3,24.35,24.3,561921,13806110.9,05-JAN-2022,1696,INE919I01024,
RAILTEL,EQ,119.3,120.0,118.6,119.75,119.9,119.5,572584,68320086.1,05-JAN-2022,8248,INE0DD101019,
RAIN,EQ,243.95,244.9,238.2,240.4,240.55,243.0,1662064,401070452.75,05-JAN-2022,15528,INE855B01025,
RAJESHEXPO,EQ,812.2,818.1,798.0,808.25,807.0,808.6,303288,244665131.55,05-JAN-2022,13158,INE343B01030,
RAJMET,EQ,175.9,175.9,171.0,172.95,172.9,175.2,9035,1561568.85,05-JAN-2022,191,INE00KV01014,
RAJRATAN,BE,2278.2,2278.2,2278.2,2278.2,2278.2,2169.75,3981,9069514.2,05-JAN-2022,187,INE451D01011,
RAJSREESUG,BE,35.45,35.45,33.5,33.85,33.5,35.05,70462,2417189.8,05-JAN-2022,421,INE562B01019,
RAJTV,EQ,42.1,45.55,41.3,44.0,44.0,44.0,11524,509105.65,05-JAN-2022,171,INE952H01027,
RALLIS,EQ,275.0,276.0,270.5,271.15,271.1,274.55,155963,42576122.1,05-JAN-2022,4395,INE613A01020,
RAMANEWS,EQ,21.4,22.25,21.15,21.85,21.75,21.45,428921,9357133.95,05-JAN-2022,1739,INE278B01020,
RAMASTEEL,EQ,390.5,392.5,384.0,392.5,392.5,373.85,342545,134188682.65,05-JAN-2022,5428,INE230R01027,
RAMCOCEM,EQ,1024.4,1045.0,1017.0,1029.35,1028.0,1024.4,437962,452792774.5,05-JAN-2022,18522,INE331A01037,
RAMCOIND,EQ,268.25,271.5,265.3,267.15,268.0,268.25,77961,20934923.05,05-JAN-2022,2301,INE614A01028,
RAMCOSYS,EQ,457.25,466.0,449.0,453.8,454.95,457.25,84409,38484348.4,05-JAN-2022,4294,INE246B01019,
RAMKY,EQ,201.8,203.95,196.4,200.25,201.0,201.0,209493,41766996.8,05-JAN-2022,2752,INE874I01013,
RANASUG,EQ,28.5,30.0,28.15,28.35,28.45,27.75,3543678,102520183.7,05-JAN-2022,11256,INE625B01014,
RANEENGINE,EQ,273.95,273.95,270.65,271.9,271.6,270.85,5948,1618773.3,05-JAN-2022,680,INE222J01013,
RANEHOLDIN,EQ,609.95,615.8,599.95,606.5,606.0,601.65,50174,30476941.4,05-JAN-2022,3171,INE384A01010,
RATEGAIN,EQ,385.9,388.9,376.45,384.6,385.0,389.05,608533,233035846.25,05-JAN-2022,17164,INE0CLI01024,
RATNAMANI,EQ,1926.55,1949.75,1911.7,1917.8,1920.0,1949.9,4313,8334776.5,05-JAN-2022,1105,INE703B01027,
RAYMOND,EQ,619.0,640.0,616.45,629.95,630.5,628.05,375019,236191850.9,05-JAN-2022,12132,INE301A01014,
RBL,EQ,822.45,830.0,805.05,808.95,807.85,817.25,9515,7748433.2,05-JAN-2022,1223,INE244J01017,
RBLBANK,EQ,128.0,135.25,127.85,132.75,132.25,130.85,37102493,4885824933.15,05-JAN-2022,121216,INE976G01028,
RCF,EQ,77.6,81.1,77.4,78.85,78.8,77.95,5446285,434742731.45,05-JAN-2022,28879,INE027A01015,
RCOM,BE,3.85,3.95,3.85,3.85,3.85,4.05,27212876,105008917.8,05-JAN-2022,20356,INE330H01018,
RECLTD,EQ,136.8,137.2,135.95,136.45,136.4,136.2,1868863,255177450.8,05-JAN-2022,13561,INE020B01018,
RECLTD,N1,1023.01,1025.0,1023.0,1025.0,1025.0,1023.64,400,409402.0,05-JAN-2022,5,INE020B07GW6,
RECLTD,N4,1128.0,1128.0,1128.0,1128.0,1128.0,1128.0,1000,1128000.0,05-JAN-2022,1,INE020B07GZ9,
RECLTD,N6,1221.0,1221.0,1221.0,1221.0,1221.0,1299.99,1,1221.0,05-JAN-2022,1,INE020B07HP8,
RECLTD,N8,1068.0,1068.0,1061.05,1063.56,1063.56,1065.18,930,989610.7,05-JAN-2022,10,INE020B07HR4,
RECLTD,N9,1235.0,1238.9,1232.25,1238.85,1238.85,1244.5,1840,2274062.0,05-JAN-2022,11,INE020B07HS2,
RECLTD,,1578.0,1578.0,1578.0,1578.0,1578.0,1586.99,20,31560.0,05-JAN-2022,1,INE020B07HT0,
RECLTD,NB,1077.0,1077.0,1077.0,1077.0,1077.0,1075.0,5,5385.0,05-JAN-2022,1,INE020B07IC4,
RECLTD,NE,1076.18,1078.5,1076.18,1078.5,1078.5,1107.05,270,290881.8,05-JAN-2022,2,INE020B07IF7,
RECLTD,NF,1260.0,1279.95,1260.0,1272.0,1272.0,1279.95,1627,2058760.7,05-JAN-2022,11,INE020B07IG5,
RECLTD,NI,1201.0,1201.0,1200.0,1200.0,1200.0,1200.0,218,261675.0,05-JAN-2022,5,INE020B07GH7,
REDINGTON,EQ,145.6,149.45,145.25,148.85,149.45,145.45,3255902,481157999.0,05-JAN-2022,80457,INE891D01026,
REFEX,EQ,134.0,138.5,134.0,135.55,135.5,135.2,186284,25502894.9,05-JAN-2022,4214,INE056I01017,
RELAXO,EQ,1335.45,1345.1,1315.1,1339.65,1339.45,1331.7,109406,146480548.95,05-JAN-2022,12623,INE131B01039,
RELCAPITAL,EQ,15.4,15.45,14.7,15.05,15.0,15.4,2432230,36502493.9,05-JAN-2022,6092,INE013A01015,
RELIANCE,EQ,2462.0,2477.0,2432.95,2469.6,2461.85,2458.1,5373618,13195934862.5,05-JAN-2022,210976,INE002A01018,
RELIGARE,EQ,125.05,131.45,125.05,127.55,127.7,126.4,1169648,150293680.3,05-JAN-2022,7923,INE621H01010,
RELINFRA,EQ,97.9,99.5,96.05,97.05,97.0,97.5,907997,88698396.15,05-JAN-2022,6406,INE036A01016,
REMSONSIND,EQ,229.95,229.95,223.35,228.95,229.3,222.95,7679,1742834.1,05-JAN-2022,396,INE474C01015,
RENUKA,EQ,33.45,33.45,32.4,33.45,33.45,31.9,17989018,599110495.55,05-JAN-2022,19995,INE087H01022,
REPCOHOME,EQ,277.0,279.0,272.0,273.75,272.9,280.2,103670,28602536.9,05-JAN-2022,3460,INE612J01015,
REPL,EQ,239.45,275.0,237.95,263.8,263.0,237.3,707779,186807409.5,05-JAN-2022,22265,INE364Z01019,
REPRO,EQ,517.05,534.65,511.05,518.15,530.0,527.05,3995,2085809.25,05-JAN-2022,286,INE461B01014,
RESPONIND,EQ,166.9,179.5,162.55,175.65,175.35,166.3,675384,116574474.65,05-JAN-2022,16260,INE688D01026,
REVATHI,EQ,867.0,870.0,806.0,821.95,818.05,825.05,30313,25410396.2,05-JAN-2022,3301,INE617A01013,
REXPIPES,SM,45.1,47.7,45.05,45.05,45.05,46.35,24000,1120400.0,05-JAN-2022,6,INE00D001018,
RGL,EQ,1018.5,1025.0,972.35,980.1,975.5,1007.3,38453,38028403.7,05-JAN-2022,3113,INE722H01016,
RHFL,EQ,5.45,5.65,5.25,5.4,5.4,5.45,4367394,23841980.45,05-JAN-2022,4860,INE217K01011,
RHFL,N6,261.01,278.0,261.01,278.0,278.0,277.0,75,20188.39,05-JAN-2022,6,INE217K07AG5,
RHFL,N8,135.03,171.85,135.03,168.5,168.5,163.0,217,33115.7,05-JAN-2022,9,INE217K08289,
RHIM,EQ,366.5,373.5,366.0,368.7,369.0,366.5,163486,60499677.15,05-JAN-2022,6088,INE743M01012,
RICOAUTO,EQ,44.2,44.75,44.0,44.35,44.45,44.1,433303,19229884.0,05-JAN-2022,2720,INE209B01025,
RIIL,EQ,873.0,880.0,854.15,859.3,856.05,872.45,468974,407174059.95,05-JAN-2022,14779,INE046A01015,
RITES,EQ,266.5,272.5,266.5,269.95,269.6,266.4,160122,43392897.5,05-JAN-2022,5140,INE320J01015,
RKEC,EQ,68.7,71.0,68.15,69.15,68.95,67.6,30094,2094841.4,05-JAN-2022,299,INE786W01010,
RKFORGE,EQ,952.4,989.6,945.0,978.3,976.65,950.85,313603,303580043.6,05-JAN-2022,13472,INE399G01015,
RMCL,BZ,3.5,3.5,3.25,3.5,3.5,3.35,659111,2296081.95,05-JAN-2022,330,INE172H01014,
RML,EQ,377.1,387.45,366.05,380.3,381.9,379.0,69776,26154383.9,05-JAN-2022,2880,INE050H01012,
RNAVAL,BZ,4.25,4.25,4.25,4.25,4.25,4.45,163914,696634.5,05-JAN-2022,141,INE542F01012,
ROHITFERRO,BE,46.45,46.45,44.0,46.45,46.45,44.25,369210,17042229.25,05-JAN-2022,1214,INE248H01012,
ROHLTD,EQ,87.2,88.05,84.1,87.35,88.05,86.2,28035,2441430.3,05-JAN-2022,381,INE283H01019,
ROLEXRINGS,EQ,1160.0,1229.0,1155.1,1211.5,1218.05,1171.2,69151,82977734.6,05-JAN-2022,8215,INE645S01016,
ROLLT,BE,4.15,4.15,3.95,4.15,4.15,4.15,1551767,6234213.55,05-JAN-2022,1103,INE927A01040,
ROLTA,BZ,7.7,8.25,7.7,7.7,7.7,8.1,494572,3812021.6,05-JAN-2022,1046,INE293A01013,
ROML,EQ,75.0,75.0,73.2,74.2,74.95,73.9,6347,469567.75,05-JAN-2022,147,INE294G01026,
ROSSARI,EQ,1311.0,1316.4,1292.0,1297.5,1296.0,1313.05,48231,62671217.25,05-JAN-2022,7443,INE02A801020,
ROSSELLIND,EQ,143.45,143.65,139.0,139.7,139.4,143.1,42316,5941667.65,05-JAN-2022,1284,INE847C01020,
ROUTE,EQ,1825.0,1828.0,1792.65,1805.85,1809.0,1821.85,159386,287774853.6,05-JAN-2022,13961,INE450U01017,
RPGLIFE,EQ,609.0,618.95,604.85,608.85,610.0,606.95,15738,9619173.1,05-JAN-2022,1788,INE105J01010,
RPOWER,EQ,13.85,14.15,13.55,13.85,13.9,13.9,14234815,198288666.75,05-JAN-2022,30614,INE614G01033,
RPPINFRA,EQ,63.75,73.0,62.0,69.2,69.25,64.3,2516864,175592554.65,05-JAN-2022,27245,INE324L01013,
RPPL,EQ,251.1,256.45,234.1,238.2,240.8,253.75,37123,9044074.55,05-JAN-2022,2138,INE760W01015,
RPSGVENT,EQ,728.2,734.95,710.0,717.8,717.95,722.2,33315,23936103.45,05-JAN-2022,2687,INE425Y01011,
RSSOFTWARE,EQ,45.0,48.5,44.1,46.95,46.75,44.1,922388,43870940.7,05-JAN-2022,7103,INE165B01029,
RSWM,EQ,487.8,498.0,475.1,477.0,477.65,488.35,153903,75531725.4,05-JAN-2022,7759,INE611A01016,
RSYSTEMS,EQ,313.55,314.7,308.0,309.35,309.0,313.55,44855,13929929.75,05-JAN-2022,4241,INE411H01032,
RTNINDIA,EQ,52.35,53.45,50.45,52.3,52.2,52.4,4601269,239287892.75,05-JAN-2022,14652,INE834M01019,
RTNPOWER,BE,7.05,7.05,7.05,7.05,7.05,7.4,6923213,48808651.65,05-JAN-2022,13564,INE399K01017,
RUBYMILLS,EQ,265.25,284.4,265.0,274.35,274.0,266.65,28553,7909092.45,05-JAN-2022,1192,INE301D01026,
RUCHI,EQ,856.8,860.0,849.0,852.1,854.3,856.8,12772,10896972.95,05-JAN-2022,1136,INE619A01035,
RUCHINFRA,BE,11.55,11.55,11.55,11.55,11.55,11.0,148512,1715313.6,05-JAN-2022,225,INE413B01023,
RUCHIRA,EQ,84.6,86.8,82.15,83.85,84.1,83.3,226351,19285589.55,05-JAN-2022,3518,INE803H01014,
RUPA,EQ,440.8,443.3,437.15,438.25,440.45,439.85,98752,43452992.9,05-JAN-2022,4614,INE895B01021,
RUSHIL,EQ,370.0,374.9,356.0,361.95,369.0,369.75,76974,27942259.75,05-JAN-2022,3218,INE573K01017,
RVHL,EQ,28.5,28.55,28.5,28.5,28.5,29.95,71851,2047760.25,05-JAN-2022,210,INE09E501017,
RVNL,EQ,35.15,35.3,34.75,34.85,34.9,35.25,2637704,92140052.35,05-JAN-2022,9911,INE415G01027,
SABEVENTS,BE,22.15,22.15,22.15,22.15,22.15,21.1,16624,368221.6,05-JAN-2022,108,INE860T01019,
SADBHAV,EQ,39.0,39.2,38.7,38.8,38.8,39.05,306341,11923406.45,05-JAN-2022,2008,INE226H01026,
SADBHIN,EQ,16.05,16.05,15.25,15.3,15.3,15.85,700521,10854033.55,05-JAN-2022,1608,INE764L01010,
SAFARI,EQ,899.95,900.0,882.05,885.5,883.65,897.9,6331,5652515.85,05-JAN-2022,1987,INE429E01023,
SAGARDEEP,BE,46.1,48.9,46.0,48.4,48.7,48.15,18111,856549.7,05-JAN-2022,432,INE976T01013,
SAGCEM,EQ,266.2,273.4,262.5,264.2,264.9,268.6,93128,24982282.85,05-JAN-2022,4382,INE229C01021,
SAIL,EQ,109.65,113.65,108.9,113.0,112.95,109.85,40582366,4531121378.65,05-JAN-2022,108583,INE114A01011,
SAKAR,EQ,156.75,158.1,150.35,152.7,152.0,156.75,41527,6368157.15,05-JAN-2022,1029,INE732S01012,
SAKHTISUG,EQ,17.0,18.5,16.9,17.75,18.0,16.9,1836285,32894583.75,05-JAN-2022,5507,INE623A01011,
SAKSOFT,EQ,998.0,1010.0,986.0,987.9,992.0,1000.3,17175,17068408.15,05-JAN-2022,2288,INE667G01015,
SAKUMA,EQ,13.4,13.7,13.1,13.45,13.5,13.25,441213,5894560.35,05-JAN-2022,1180,INE190H01024,
SALASAR,EQ,255.0,262.0,247.65,259.75,259.25,252.9,130681,33464949.55,05-JAN-2022,4005,INE170V01019,
SALONA,EQ,268.0,275.9,256.2,260.2,256.55,268.2,34898,9184667.35,05-JAN-2022,2270,INE498E01010,
SALSTEEL,EQ,13.85,13.85,12.8,13.1,13.15,13.4,918084,12070497.25,05-JAN-2022,2879,INE658G01014,
SALZERELEC,EQ,197.0,197.5,192.95,194.55,195.3,197.65,44799,8759374.75,05-JAN-2022,1554,INE457F01013,
SAMBHAAV,BE,6.65,6.65,6.35,6.35,6.35,6.65,54152,346756.5,05-JAN-2022,234,INE699B01027,
SANCO,EQ,17.8,17.8,16.55,17.8,17.8,16.2,1022100,17900766.45,05-JAN-2022,2847,INE782L01012,
SANDESH,EQ,748.25,758.0,726.85,737.65,732.0,747.9,4058,3013675.95,05-JAN-2022,461,INE583B01015,
SANDHAR,EQ,261.5,264.35,256.9,259.75,259.75,261.3,43774,11352510.35,05-JAN-2022,2501,INE278H01035,
SANGAMIND,EQ,365.0,389.15,362.65,373.95,376.9,369.0,131650,49143342.0,05-JAN-2022,7263,INE495C01010,
SANGHIIND,EQ,56.95,58.65,56.65,57.2,57.25,56.95,612473,35157155.75,05-JAN-2022,4253,INE999B01013,
SANGHVIMOV,EQ,236.45,236.9,229.0,230.65,230.15,234.6,89153,20800099.1,05-JAN-2022,4680,INE989A01024,
SANGINITA,EQ,29.25,29.25,28.55,29.25,29.25,27.9,72812,2129308.75,05-JAN-2022,199,INE753W01010,
SANOFI,EQ,7717.0,7717.0,7615.0,7628.05,7633.0,7697.75,6202,47434218.8,05-JAN-2022,2298,INE058A01010,
SANSERA,EQ,769.1,777.25,769.1,774.95,776.75,774.5,27793,21538291.45,05-JAN-2022,2272,INE953O01021,
SANWARIA,BZ,1.55,1.55,1.45,1.55,1.55,1.5,16004771,24433342.1,05-JAN-2022,3392,INE890C01046,
SAPPHIRE,EQ,1203.0,1317.8,1185.75,1268.4,1273.9,1205.1,414699,525339850.35,05-JAN-2022,31792,INE806T01012,
SARDAEN,EQ,783.0,783.0,756.8,763.3,765.0,769.25,86176,65952947.05,05-JAN-2022,4076,INE385C01013,
SAREGAMA,BE,5458.0,5458.0,5251.0,5298.8,5300.0,5339.9,9069,48260107.35,05-JAN-2022,1476,INE979A01017,
SARLAPOLY,EQ,65.05,65.75,64.0,64.2,64.25,65.55,241296,15644408.45,05-JAN-2022,2241,INE453D01025,
SARVESHWAR,SM,46.75,46.75,45.75,46.55,46.75,44.55,30400,1418400.0,05-JAN-2022,19,INE324X01018,
SASKEN,EQ,1332.0,1356.25,1316.1,1322.0,1331.85,1349.55,17902,23855344.05,05-JAN-2022,2557,INE231F01020,
SASTASUNDR,EQ,475.55,508.8,475.55,508.8,508.8,484.6,117099,59184621.3,05-JAN-2022,2255,INE019J01013,
SATIA,EQ,89.8,93.0,89.55,90.45,90.7,89.25,205164,18704469.9,05-JAN-2022,2344,INE170E01023,
SATIN,BE,88.65,88.65,84.0,85.05,85.5,86.9,79967,6842607.8,05-JAN-2022,457,INE836B01017,
SBC,EQ,172.45,172.45,162.25,171.8,172.45,164.25,223913,38530415.5,05-JAN-2022,2206,INE04AK01010,
SBCL,EQ,399.0,399.5,377.5,379.2,379.0,391.25,40730,15722604.85,05-JAN-2022,3158,INE386D01027,
SBICARD,EQ,937.65,941.8,931.05,935.4,937.1,934.5,692890,649232107.4,05-JAN-2022,22818,INE018E01016,
SBIETFCON,EQ,70.85,71.7,70.55,71.27,71.65,70.81,7302,520894.75,05-JAN-2022,172,INF200KA1X17,
SBIETFIT,EQ,403.99,403.99,393.1,395.53,395.99,400.83,20320,8046268.73,05-JAN-2022,400,INF200KA1S14,
SBIETFPB,EQ,194.8,204.2,183.3,190.5,190.3,187.31,3543,677426.97,05-JAN-2022,114,INF200KA1S22,
SBIETFQLTY,EQ,157.05,161.9,157.0,158.67,158.74,158.38,1429,226593.86,05-JAN-2022,94,INF200KA1WX6,
SBILIFE,EQ,1215.0,1225.0,1213.75,1219.85,1220.45,1220.6,378090,461099060.15,05-JAN-2022,25241,INE123W01016,
SBIN,EQ,481.9,495.0,479.15,492.4,491.7,483.5,24694169,12087915535.95,05-JAN-2022,240463,INE062A01020,
SCAPDVR,EQ,11.25,11.25,11.15,11.25,11.25,10.75,331977,3733565.5,05-JAN-2022,330,INE224E01036,
SCHAEFFLER,EQ,9325.6,9529.45,9172.85,9437.85,9458.0,9298.05,21540,201266886.5,05-JAN-2022,7340,INE513A01014,
SCHAND,EQ,109.75,109.95,106.75,107.05,107.35,108.35,102752,11095164.6,05-JAN-2022,3264,INE807K01035,
SCHNEIDER,EQ,107.9,112.8,107.25,109.3,109.3,107.65,939724,103711650.45,05-JAN-2022,13264,INE839M01018,
SCI,EQ,141.5,144.45,141.0,141.75,141.7,141.9,1834612,261652414.9,05-JAN-2022,13199,INE109A01011,
SDBL,EQ,42.1,46.5,40.9,45.45,45.95,42.3,1333236,60592834.8,05-JAN-2022,5703,INE480C01020,
SEAMECLTD,EQ,1066.05,1171.4,1066.05,1111.25,1110.0,1115.65,6762,7601677.7,05-JAN-2022,399,INE497B01018,
SECL,SM,61.2,61.2,61.2,61.2,61.2,62.2,3000,183600.0,05-JAN-2022,1,INE00Y701018,
SECURCRED,SM,67.9,67.9,66.0,66.0,66.0,66.0,1200,80340.0,05-JAN-2022,2,INE195Y01010,
SECURKLOUD,EQ,141.3,142.55,138.1,138.95,140.0,141.2,42901,5985992.15,05-JAN-2022,1109,INE650K01021,
SEJALLTD,BE,28.05,28.05,28.05,28.05,28.05,26.75,1,28.05,05-JAN-2022,1,INE955I01044,
SELAN,EQ,142.5,143.95,140.0,140.4,140.6,142.5,48049,6783390.1,05-JAN-2022,1074,INE818A01017,
SELMC,EQ,48.9,48.9,48.9,48.9,48.9,46.6,42,2053.8,05-JAN-2022,8,INE105I01020,
SEPOWER,BE,49.85,49.85,48.45,49.85,49.85,47.5,104096,5177515.75,05-JAN-2022,675,INE735M01018,
SEQUENT,EQ,166.25,169.4,163.4,167.9,168.0,166.6,1942423,324191032.85,05-JAN-2022,18294,INE807F01027,
SERVOTECH,BE,87.5,87.5,87.45,87.5,87.5,83.35,75665,6620680.5,05-JAN-2022,209,INE782X01017,
SESHAPAPER,EQ,150.1,173.2,149.35,164.0,163.8,149.35,1191098,199936257.2,05-JAN-2022,26235,INE630A01024,
SETCO,EQ,17.9,17.9,17.2,17.65,17.6,17.75,103172,1817279.1,05-JAN-2022,619,INE878E01021,
SETF10GILT,EQ,206.39,206.39,204.1,206.39,206.39,206.4,106,21804.06,05-JAN-2022,7,INF200KA1JT1,
SETFGOLD,EQ,4241.35,4289.0,4241.0,4259.95,4266.8,4254.5,2888,12315709.85,05-JAN-2022,735,INF200K01099,
SETFNIF50,EQ,182.2,183.25,180.55,182.88,182.66,181.99,113290,20677582.92,05-JAN-2022,1554,INF200KA1FS1,
SETFNIFBK,EQ,368.0,377.4,368.0,376.01,375.5,367.85,59041,22087974.37,05-JAN-2022,1042,INF200KA1580,
SETFNN50,EQ,443.0,450.0,440.11,442.57,442.99,442.72,4899,2172003.38,05-JAN-2022,372,INF200KA1598,
SETUINFRA,BE,3.15,3.15,3.15,3.15,3.15,3.0,57125,179943.75,05-JAN-2022,48,INE023M01027,
SEYAIND,EQ,59.3,59.45,57.5,58.95,58.85,58.15,32973,1933998.15,05-JAN-2022,389,INE573R01012,
SFL,EQ,3338.0,3338.0,3260.0,3297.95,3307.0,3300.05,22846,75192986.95,05-JAN-2022,8945,INE916U01025,
SGBAPR28I,GB,4650.0,4689.0,4649.0,4655.01,4655.0,4653.69,445,2073857.6,05-JAN-2022,40,IN0020200062,
SGBAUG24,GB,4699.0,4713.0,4665.05,4697.8,4697.8,4682.46,651,3047324.33,05-JAN-2022,46,IN0020160027,
SGBAUG27,GB,4734.99,4734.99,4675.0,4714.9,4714.9,4680.0,222,1045883.16,05-JAN-2022,15,IN0020190107,
SGBAUG28V,GB,4798.0,4798.0,4763.0,4782.08,4770.02,4762.72,1043,4984571.3,05-JAN-2022,95,IN0020200161,
SGBAUG29V,GB,4680.0,4685.0,4660.0,4662.81,4662.01,4680.0,600,2800030.18,05-JAN-2022,66,IN0020210129,
SGBD29VIII,GB,4690.0,4700.0,4670.0,4692.15,4699.0,4696.0,77,361476.5,05-JAN-2022,29,IN0020210228,
SGBDC27VII,GB,4775.0,4775.0,4636.05,4644.18,4636.05,4650.0,32,148738.73,05-JAN-2022,7,IN0020190461,
SGBDEC2513,GB,4647.0,4647.0,4647.0,4647.0,4647.0,4670.0,1,4647.0,05-JAN-2022,1,IN0020170158,
SGBDEC25XI,GB,4641.6,4641.6,4641.0,4641.0,4641.0,4743.0,10,46413.0,05-JAN-2022,2,IN0020170133,
SGBFEB24,GB,4709.99,4709.99,4690.0,4699.99,4699.99,4696.56,58,272574.62,05-JAN-2022,9,IN0020150101,
SGBFEB29XI,GB,4667.01,4711.0,4667.01,4680.03,4680.0,4686.0,179,839084.09,05-JAN-2022,30,IN0020200393,
SGBJ28VIII,GB,4740.0,4740.0,4644.01,4644.01,4644.01,4655.0,9,42007.03,05-JAN-2022,5,IN0020190537,
SGBJAN26,GB,4650.0,4650.0,4620.0,4650.0,4650.0,4646.05,42,195223.1,05-JAN-2022,13,IN0020170166,
SGBJAN27,GB,4730.0,4730.0,4730.0,4730.0,4730.0,4652.01,2,9460.0,05-JAN-2022,1,IN0020180462,
SGBJAN29IX,GB,4685.0,4686.0,4660.0,4677.78,4679.99,4685.0,404,1888071.07,05-JAN-2022,81,IN0020200377,
SGBJAN29X,GB,4714.0,4759.0,4714.0,4720.02,4720.0,4725.0,78,368529.1,05-JAN-2022,17,IN0020200385,
SGBJU29III,GB,4670.0,4676.99,4631.0,4660.26,4660.5,4660.0,408,1897354.12,05-JAN-2022,54,IN0020210087,
SGBJUL25,GB,4640.0,4680.0,4626.0,4653.38,4650.01,4646.0,38,176825.08,05-JAN-2022,9,IN0020170034,
SGBJUL27,GB,4645.0,4670.0,4645.0,4656.15,4660.0,4660.0,158,736029.0,05-JAN-2022,11,IN0020190081,
SGBJUL28IV,GB,4700.0,4703.0,4691.02,4699.99,4699.99,4699.0,371,1742487.08,05-JAN-2022,57,IN0020200146,
SGBJUL29IV,GB,4700.0,4700.0,4662.0,4690.5,4690.5,4700.0,182,853832.42,05-JAN-2022,25,IN0020210111,
SGBJUN27,GB,4651.0,4723.69,4650.0,4650.0,4650.0,4645.0,10,46578.69,05-JAN-2022,4,IN0020190073,
SGBJUN28,GB,4648.64,4671.5,4648.0,4667.39,4670.0,4648.64,314,1463065.86,05-JAN-2022,34,IN0020200104,
SGBJUN29II,GB,4652.0,4668.95,4651.5,4656.79,4657.99,4653.26,58,270124.72,05-JAN-2022,15,IN0020210061,
SGBMAR24,GB,4680.0,4691.0,4680.0,4691.0,4691.0,4690.0,31,145210.0,05-JAN-2022,3,IN0020150119,
SGBMAR25,GB,4655.0,4680.0,4642.0,4646.0,4646.0,4655.0,65,302523.0,05-JAN-2022,14,IN0020160126,
SGBMAR28X,GB,4659.0,4659.0,4637.0,4649.72,4650.0,4660.0,186,866063.0,05-JAN-2022,110,IN0020190552,
SGBMAY25,GB,4650.0,4653.0,4650.0,4650.0,4650.0,4646.0,171,795164.0,05-JAN-2022,14,IN0020170018,
SGBMAY26,GB,4743.7,4743.7,4743.7,4743.7,4743.7,4743.7,4,18974.8,05-JAN-2022,1,IN0020180033,
SGBMAY28,GB,4648.0,4649.0,4620.0,4633.3,4637.0,4647.23,741,3436016.41,05-JAN-2022,179,IN0020200088,
SGBMAY29I,GB,4668.7,4673.0,4655.0,4657.81,4655.0,4668.5,360,1678854.51,05-JAN-2022,70,IN0020210053,
SGBMR29XII,GB,4658.0,4669.0,4646.1,4655.43,4660.0,4657.64,585,2724046.52,05-JAN-2022,182,IN0020200427,
SGBN28VIII,GB,4680.0,4721.0,4680.0,4707.0,4707.0,4707.0,149,700593.1,05-JAN-2022,25,IN0020200286,
SGBNOV23,GB,4750.0,4750.0,4720.0,4740.0,4740.0,4759.99,137,649905.46,05-JAN-2022,12,IN0020150085,
SGBNOV24,GB,4655.0,4675.0,4652.0,4658.88,4657.02,4682.08,353,1643961.17,05-JAN-2022,12,IN0020160076,
SGBNOV25,GB,4655.0,4655.0,4655.0,4655.0,4655.0,4650.0,1,4655.0,05-JAN-2022,1,IN0020170091,
SGBNOV25VI,GB,4643.0,4643.0,4643.0,4643.0,4643.0,4651.0,1,4643.0,05-JAN-2022,1,IN0020170083,
SGBNV29VII,GB,4675.0,4710.0,4661.01,4685.0,4685.0,4665.44,226,1056999.25,05-JAN-2022,122,IN0020210178,
SGBOC28VII,GB,4720.0,4720.0,4685.0,4685.0,4685.0,4700.0,243,1139030.52,05-JAN-2022,22,IN0020200203,
SGBOCT25,GB,4736.0,4739.99,4736.0,4739.99,4739.99,4700.0,2,9475.99,05-JAN-2022,2,IN0020170059,
SGBOCT25IV,GB,4660.0,4665.0,4660.0,4665.0,4665.0,4660.0,8,37295.0,05-JAN-2022,5,IN0020170067,
SGBOCT25V,GB,4709.0,4709.0,4709.0,4709.0,4709.0,4710.0,4,18836.0,05-JAN-2022,1,IN0020170075,
SGBOCT27,GB,4651.0,4652.0,4651.0,4652.0,4652.0,4650.15,6,27911.0,05-JAN-2022,2,IN0020190370,
SGBOCT27VI,GB,4680.0,4681.0,4680.0,4681.0,4681.0,4645.37,49,229323.0,05-JAN-2022,7,IN0020190388,
SGBSEP24,GB,4661.0,4695.0,4656.01,4670.0,4670.0,4661.0,87,406092.05,05-JAN-2022,15,IN0020160043,
SGBSEP27,GB,4700.0,4700.0,4651.01,4651.01,4651.01,4661.55,13,61051.01,05-JAN-2022,3,IN0020190115,
SGBSEP28VI,GB,4695.0,4760.0,4695.0,4708.33,4750.0,4700.0,324,1531384.1,05-JAN-2022,42,IN0020200195,
SGBSEP29VI,GB,4682.0,4682.0,4646.0,4655.25,4668.0,4644.59,401,1867986.6,05-JAN-2022,55,IN0020210145,
SGIL,EQ,174.0,174.0,168.4,169.7,170.4,172.7,14492,2467235.3,05-JAN-2022,528,INE00QT01015,
SGL,EQ,27.2,27.2,25.5,27.0,27.2,25.95,264168,7162692.1,05-JAN-2022,910,INE353H01010,
SHAHALLOYS,EQ,54.9,54.9,49.75,50.0,49.85,52.35,61465,3124201.2,05-JAN-2022,595,INE640C01011,
SHAKTIPUMP,EQ,692.0,692.0,665.6,668.0,669.0,693.85,74508,50044451.55,05-JAN-2022,6210,INE908D01010,
SHALBY,EQ,141.65,141.85,136.3,137.5,137.0,140.9,194332,27043854.85,05-JAN-2022,4189,INE597J01018,
SHALPAINTS,EQ,113.65,114.5,109.9,111.1,111.15,112.65,183745,20542754.95,05-JAN-2022,3526,INE849C01026,
SHANKARA,EQ,526.5,543.4,526.5,535.6,534.0,531.4,40578,21742293.1,05-JAN-2022,2863,INE274V01019,
SHANTI,BE,19.25,20.4,19.25,19.75,19.75,20.0,2521,50229.5,05-JAN-2022,9,INE933X01016,
SHANTIGEAR,EQ,155.85,157.9,152.3,154.0,153.9,154.15,71690,11133656.6,05-JAN-2022,1803,INE631A01022,
SHARDACROP,EQ,360.0,363.0,353.25,353.95,354.0,357.55,145884,52327624.55,05-JAN-2022,5117,INE221J01015,
SHARDAMOTR,EQ,870.0,942.35,850.0,902.65,905.1,867.55,69522,62698772.65,05-JAN-2022,7697,INE597I01028,
SHAREINDIA,EQ,1072.0,1090.0,1055.0,1074.35,1085.0,1071.95,31566,33835772.75,05-JAN-2022,3427,INE932X01018,
SHARIABEES,EQ,474.48,474.48,461.63,462.17,464.76,465.86,1025,475052.09,05-JAN-2022,64,INF732E01128,
SHEMAROO,EQ,124.7,124.7,120.75,122.95,122.95,122.45,29881,3661674.8,05-JAN-2022,708,INE363M01019,
SHIL,EQ,421.0,424.0,408.0,411.2,411.0,423.85,68872,28361023.65,05-JAN-2022,4091,INE05AN01011,
SHILPAMED,EQ,580.0,589.05,570.1,572.95,570.55,584.1,148226,85894308.95,05-JAN-2022,5365,INE790G01031,
SHIVALIK,EQ,1095.1,1179.9,1095.1,1167.4,1179.9,1098.05,50098,57632023.4,05-JAN-2022,5695,INE788J01021,
SHIVAM-RE,BE,45.9,48.15,40.0,48.15,48.15,34.4,344090,16424403.6,05-JAN-2022,3332,INE637H20016,
SHIVAMAUTO,EQ,36.9,36.9,36.5,36.9,36.9,35.15,173775,6409521.85,05-JAN-2022,559,INE637H01024,
SHIVAMILLS,EQ,150.0,156.65,150.0,151.85,150.1,149.85,29877,4578206.15,05-JAN-2022,789,INE644Y01017,
SHIVATEX,EQ,240.0,247.95,238.25,239.3,240.0,241.6,12913,3138758.1,05-JAN-2022,581,INE705C01020,
SHK,EQ,164.85,168.45,163.35,165.45,166.5,164.85,378831,62854345.9,05-JAN-2022,8634,INE500L01026,
SHOPERSTOP,EQ,327.6,334.65,321.2,325.55,325.75,329.45,114569,37567103.55,05-JAN-2022,5906,INE498B01024,
SHRADHA,EQ,58.0,59.7,55.35,57.3,57.4,58.15,13478,767862.0,05-JAN-2022,291,INE715Y01015,
SHREDIGCEM,EQ,73.85,79.45,73.55,77.6,77.8,73.85,1528437,118691590.75,05-JAN-2022,11517,INE232A01011,
SHREECEM,EQ,26902.0,27300.0,26850.2,27214.65,27154.5,26954.1,17262,468671610.55,05-JAN-2022,6519,INE070A01015,
SHREEPUSHK,EQ,225.0,235.0,219.95,231.7,231.6,222.55,163887,37126916.25,05-JAN-2022,3648,INE712K01011,
SHREERAMA,EQ,23.0,23.5,21.05,21.45,21.5,20.8,816610,17950350.0,05-JAN-2022,4265,INE879A01019,
SHRENIK,EQ,3.7,3.8,3.7,3.7,3.7,3.85,26039647,96656356.8,05-JAN-2022,13742,INE632X01030,
SHREYANIND,EQ,101.5,120.95,100.55,120.65,120.95,100.8,899580,106169969.4,05-JAN-2022,7509,INE231C01019,
SHREYAS,EQ,245.1,248.7,237.3,240.0,238.05,245.1,37825,9150872.0,05-JAN-2022,1544,INE757B01015,
SHRIPISTON,BE,850.75,863.5,833.0,849.7,863.5,850.75,304,257495.5,05-JAN-2022,20,INE526E01018,
SHRIRAMCIT,EQ,1822.0,1847.55,1801.2,1812.45,1806.05,1827.05,31978,58302563.9,05-JAN-2022,3496,INE722A01011,
SHRIRAMEPC,EQ,10.55,11.55,10.45,11.55,11.55,11.0,12461392,136038075.45,05-JAN-2022,8441,INE964H01014,
SHRIRAMPPS,EQ,86.45,86.6,85.35,86.0,86.0,86.45,971493,83601250.3,05-JAN-2022,4835,INE217L01019,
SHUBHLAXMI,SM,17.0,17.0,16.5,16.5,16.5,17.35,11000,182900.0,05-JAN-2022,11,INE01Z401013,
SHYAMCENT,EQ,16.7,17.3,16.0,17.0,17.15,16.55,443875,7297057.65,05-JAN-2022,1488,INE979R01011,
SHYAMMETL,EQ,335.6,344.7,334.35,343.35,343.4,334.1,472533,161035971.25,05-JAN-2022,11077,INE810G01011,
SICAL,EQ,15.75,15.8,15.0,15.1,15.1,15.65,427550,6541409.95,05-JAN-2022,881,INE075B01012,
SIEMENS,EQ,2356.65,2369.05,2312.05,2324.35,2315.0,2357.3,357075,833741192.05,05-JAN-2022,16918,INE003A01024,
SIGACHI,EQ,390.0,396.8,385.6,386.8,386.0,390.95,292947,114181725.25,05-JAN-2022,11664,INE0D0K01014,
SIGIND,EQ,44.55,47.2,44.1,45.75,45.15,44.55,161042,7409506.4,05-JAN-2022,1156,INE529F01035,
SIGMA,SM,530.0,530.0,530.0,530.0,530.0,533.1,600,318000.0,05-JAN-2022,1,INE0A0S01010,
SIKKO,EQ,66.05,68.95,66.05,66.7,66.4,68.7,6752,452023.0,05-JAN-2022,99,INE112X01017,
SIL,BE,16.25,16.3,15.65,16.0,16.0,15.7,7550,120555.65,05-JAN-2022,58,INE173A01025,
SILGO,EQ,35.3,35.3,32.3,32.8,32.65,34.9,83659,2797850.45,05-JAN-2022,695,INE01II01013,
SILINV,EQ,306.05,318.0,303.0,314.3,311.1,310.1,2974,929541.45,05-JAN-2022,291,INE923A01015,
SILLYMONKS,EQ,24.9,24.9,23.55,23.8,23.85,24.65,4858,116476.05,05-JAN-2022,65,INE203Y01012,
SILVERTUC,SM,148.0,154.0,148.0,150.0,150.0,148.8,15000,2247150.0,05-JAN-2022,14,INE625X01018,
SIMBHALS,EQ,22.3,22.3,22.3,22.3,22.3,21.25,60317,1345069.1,05-JAN-2022,155,INE748T01016,
SIMPLEXINF,EQ,42.55,44.05,41.45,43.15,43.2,43.6,112586,4842880.55,05-JAN-2022,683,INE059B01024,
SINTERCOM,EQ,90.4,91.1,86.45,87.8,86.6,91.1,11793,1049919.0,05-JAN-2022,246,INE129Z01016,
SINTEX,BE,17.55,17.55,17.55,17.55,17.55,18.45,2199664,38604103.2,05-JAN-2022,7447,INE429C01035,
SIRCA,EQ,541.0,541.0,518.2,523.25,524.7,529.45,28061,14865381.65,05-JAN-2022,2041,INE792Z01011,
SIS,EQ,461.5,472.8,454.15,457.55,459.1,464.35,448894,208413812.25,05-JAN-2022,9418,INE285J01028,
SITINET,BE,4.45,4.45,4.45,4.45,4.45,4.65,3021096,13443877.2,05-JAN-2022,3858,INE965H01011,
SIYSIL,EQ,436.1,450.45,435.65,444.9,444.0,440.2,89001,39584579.3,05-JAN-2022,5369,INE076B01028,
SJS,EQ,367.1,370.0,356.45,358.95,359.5,367.0,96423,34815647.4,05-JAN-2022,7822,INE284S01014,
SJVN,EQ,30.5,30.5,29.85,29.95,30.0,30.4,2687534,80659089.85,05-JAN-2022,8201,INE002L01015,
SKFINDIA,EQ,3828.05,3890.0,3781.35,3838.1,3811.0,3809.0,51771,198771513.65,05-JAN-2022,5985,INE640A01023,
SKIPPER,EQ,78.45,79.1,76.05,77.0,77.15,76.95,125896,9805126.35,05-JAN-2022,1673,INE439E01022,
SKMEGGPROD,EQ,74.95,80.9,74.7,80.1,80.0,74.7,988785,78548086.6,05-JAN-2022,10113,INE411D01015,
SKSTEXTILE,SM,21.7,21.7,21.7,21.7,21.7,22.8,1000,21700.0,05-JAN-2022,1,INE507Y01016,
SMARTLINK,EQ,218.65,222.85,218.65,218.65,218.65,230.15,46316,10148231.2,05-JAN-2022,644,INE178C01020,
SMCGLOBAL,EQ,77.85,77.85,76.25,77.1,77.05,77.2,71974,5543686.25,05-JAN-2022,894,INE103C01036,
SMLISUZU,EQ,670.0,677.95,664.25,667.35,665.3,673.6,22233,14887279.9,05-JAN-2022,1717,INE294B01019,
SMLT,EQ,124.0,124.0,116.3,117.9,117.55,119.45,16591,1979903.0,05-JAN-2022,488,INE017W01010,
SMSLIFE,EQ,744.2,744.2,733.25,737.15,739.95,742.45,2575,1903475.95,05-JAN-2022,247,INE320X01016,
SMSPHARMA,EQ,139.0,139.55,133.45,135.0,134.95,138.75,117299,16039691.3,05-JAN-2022,2198,INE812G01025,
SMVD,SM,25.75,25.75,25.75,25.75,25.75,27.0,4000,103000.0,05-JAN-2022,1,INE702Y01013,
SNOWMAN,EQ,40.7,41.1,40.5,40.65,40.7,40.7,387261,15775375.15,05-JAN-2022,2552,INE734N01019,
SOBHA,EQ,880.0,886.85,855.0,860.75,863.5,881.85,275923,239009738.6,05-JAN-2022,16146,INE671H01015,
SOLARA,EQ,1085.0,1123.3,1057.05,1092.9,1094.0,1077.05,166184,179710884.05,05-JAN-2022,12652,INE624Z01016,
SOLARINDS,EQ,2392.0,2392.0,2352.95,2368.55,2370.0,2374.9,16281,38555132.85,05-JAN-2022,3575,INE343H01029,
SOLEX,SM,97.95,102.5,97.0,101.0,101.0,97.8,64000,6432900.0,05-JAN-2022,31,INE880Y01017,
SOMANYCERA,EQ,907.0,919.95,891.05,906.85,904.0,907.85,19787,17959905.75,05-JAN-2022,2364,INE355A01028,
SOMICONVEY,EQ,40.35,41.9,40.25,40.8,40.65,40.75,17334,712314.15,05-JAN-2022,378,INE323J01019,
SONACOMS,EQ,753.0,755.0,736.0,738.45,740.0,754.15,859528,637529023.8,05-JAN-2022,30251,INE073K01018,
SONAMCLOCK,SM,72.0,72.1,72.0,72.1,72.1,71.25,9000,648450.0,05-JAN-2022,3,INE00LM01011,
SONATSOFTW,EQ,869.1,898.9,866.2,883.45,885.0,869.65,282383,249594703.85,05-JAN-2022,18248,INE269A01021,
SORILINFRA,EQ,102.2,108.8,102.2,104.7,106.8,103.15,91635,9678968.6,05-JAN-2022,1912,INE034H01016,
SOTL,EQ,1135.55,1190.0,1123.45,1174.85,1184.85,1135.55,44686,52414791.1,05-JAN-2022,5105,INE035D01012,
SOUTHBANK,EQ,9.25,9.3,9.1,9.15,9.15,9.25,9211136,84635311.65,05-JAN-2022,38378,INE683A01023,
SOUTHWEST,EQ,147.0,147.0,140.1,142.15,142.75,146.0,69639,9921451.3,05-JAN-2022,262,INE980Y01015,
SPAL,EQ,447.0,455.0,444.75,447.4,446.0,444.75,103573,46539765.55,05-JAN-2022,7284,INE212I01016,
SPANDANA,EQ,439.35,459.95,390.0,415.0,421.4,436.5,621319,266698914.6,05-JAN-2022,23583,INE572J01011,
SPARC,EQ,290.25,301.9,290.0,295.9,295.25,294.2,1030731,305438823.3,05-JAN-2022,13982,INE232I01014,
SPECIALITY,EQ,92.1,93.2,90.85,91.5,90.85,92.1,48463,4456935.05,05-JAN-2022,954,INE247M01014,
SPENCERS,EQ,105.0,108.0,104.6,106.25,106.2,104.65,301868,32139806.25,05-JAN-2022,5187,INE020801028,
SPENTEX,BZ,3.9,4.3,3.9,4.05,3.95,4.1,286335,1168072.65,05-JAN-2022,342,INE376C01020,
SPIC,EQ,56.75,58.0,56.5,56.65,56.6,56.8,754481,43051538.9,05-JAN-2022,4563,INE147A01011,
SPICEJET,EQ,67.0,67.2,65.9,66.15,66.1,67.35,2539027,168640579.55,05-JAN-2022,13942,INE285B01017,
SPLIL,EQ,52.85,53.9,51.6,51.95,52.45,51.55,207388,10925392.15,05-JAN-2022,2216,INE978G01016,
SPMLINFRA,EQ,31.35,31.35,30.1,31.35,31.35,29.9,270427,8474107.9,05-JAN-2022,314,INE937A01023,
SPTL,EQ,12.45,12.55,12.35,12.35,12.35,12.95,2267670,28037448.35,05-JAN-2022,3476,INE501W01021,
SREEL,EQ,179.9,181.0,175.55,177.5,178.0,176.9,3233,574973.95,05-JAN-2022,167,INE099F01013,
SREIBNPNCD,N9,275.0,275.0,270.0,270.0,270.0,270.0,24,6500.0,05-JAN-2022,2,INE881J07DX9,
SREIBNPNCD,NJ,235.0,240.0,235.0,240.0,240.0,250.0,45,10700.0,05-JAN-2022,3,INE881J07EL2,
SREIBNPNCD,NL,261.0,261.0,258.0,258.0,258.0,261.0,189,48837.0,05-JAN-2022,5,INE881J07EN8,
SREIBNPNCD,NO,160.0,160.01,160.0,160.0,160.0,155.0,350,56000.5,05-JAN-2022,4,INE881J08573,
SREIBNPNCD,NP,165.0,165.0,165.0,165.0,165.0,160.0,50,8250.0,05-JAN-2022,1,INE881J08581,
SREIBNPNCD,Y7,250.0,250.0,250.0,250.0,250.0,250.0,51,12750.0,05-JAN-2022,1,INE872A07UQ5,
SREIBNPNCD,Y8,245.0,245.0,245.0,245.0,245.0,268.72,2,490.0,05-JAN-2022,1,INE872A07UR3,
SREINFRA,EQ,5.6,5.9,5.55,5.9,5.9,5.65,2881189,16858470.65,05-JAN-2022,3190,INE872A01014,
SRF,EQ,2428.0,2440.0,2371.0,2416.6,2435.0,2429.25,578855,1392996754.8,05-JAN-2022,35967,INE647A01010,
SRHHYPOLTD,EQ,338.95,339.7,327.65,331.9,331.3,335.25,8310,2763157.45,05-JAN-2022,643,INE917H01012,
SRIPIPES,EQ,206.7,208.9,201.1,202.15,202.5,205.3,42700,8751919.3,05-JAN-2022,1324,INE943C01027,
SRIRAM,SM,10.0,10.35,10.0,10.35,10.35,10.0,12000,122100.0,05-JAN-2022,2,INE634W01012,
SRPL,BE,41.95,44.0,39.9,44.0,44.0,41.95,33778,1471459.65,05-JAN-2022,134,INE008Z01012,
SRTRANSFIN,EQ,1252.95,1276.75,1245.0,1249.8,1251.0,1252.95,841324,1059005197.45,05-JAN-2022,32487,INE721A01013,
SRTRANSFIN,YH,1015.0,1018.0,1015.0,1016.0,1016.0,1015.0,202,205330.0,05-JAN-2022,9,INE721A07NT3,
SRTRANSFIN,YI,1045.0,1045.0,1042.0,1042.0,1042.0,1073.75,100,104278.0,05-JAN-2022,3,INE721A07NU1,
SRTRANSFIN,YK,1060.0,1060.0,1060.0,1060.0,1060.0,1057.5,50,53000.0,05-JAN-2022,1,INE721A07NW7,
SRTRANSFIN,YN,1381.0,1390.0,1381.0,1381.0,1381.0,1381.0,15,20760.0,05-JAN-2022,3,INE721A07NZ0,
SRTRANSFIN,YO,1017.5,1017.5,1016.9,1016.99,1017.0,1024.0,425,432249.4,05-JAN-2022,9,INE721A07OB9,
SRTRANSFIN,YV,1043.0,1110.0,1029.0,1038.8,1048.6,1040.0,20,21052.6,05-JAN-2022,5,INE721A07OM6,
SRTRANSFIN,YW,1098.5,1098.5,1061.0,1061.0,1061.0,1099.0,15,16252.5,05-JAN-2022,3,INE721A07ON4,
SRTRANSFIN,YX,1085.0,1085.0,1085.0,1085.0,1085.0,1085.0,25,27125.0,05-JAN-2022,1,INE721A07OO2,
SRTRANSFIN,YY,1060.0,1060.0,1060.0,1060.0,1060.0,1126.5,77,81620.0,05-JAN-2022,1,INE721A07OP9,
SRTRANSFIN,Z1,1296.0,1296.0,1296.0,1296.0,1296.0,1296.0,100,129600.0,05-JAN-2022,1,INE721A07OR5,
SRTRANSFIN,Z4,1025.0,1025.0,1025.0,1025.0,1025.0,1000.5,100,102500.0,05-JAN-2022,2,INE721A07OZ8,
SRTRANSFIN,Z9,1085.0,1085.0,1085.0,1085.0,1085.0,1075.0,10,10850.0,05-JAN-2022,1,INE721A07PE0,
SRTRANSFIN,ZA,1251.53,1251.53,1251.53,1251.53,1251.53,1251.52,50,62576.5,05-JAN-2022,1,INE721A07PF7,
SRTRANSFIN,ZC,1316.5,1316.5,1316.5,1316.5,1316.5,1311.46,129,169828.5,05-JAN-2022,2,INE721A07PH3,
SRTRANSFIN,ZD,1027.2,1029.99,1027.2,1029.98,1029.98,1015.0,120,123553.96,05-JAN-2022,3,INE721A07PI1,
SRTRANSFIN,ZF,1030.0,1030.0,1030.0,1030.0,1030.0,1030.0,10,10300.0,05-JAN-2022,1,INE721A07PK7,
SRTRANSFIN,ZH,1064.8,1082.8,1064.0,1082.8,1082.8,1095.71,530,567863.8,05-JAN-2022,10,INE721A07PM3,
SRTRANSFIN,ZJ,1180.0,1180.0,1180.0,1180.0,1180.0,1185.0,25,29500.0,05-JAN-2022,1,INE721A07PO9,
SSINFRA,SM,11.7,11.7,11.7,11.7,11.7,11.15,3000,35100.0,05-JAN-2022,1,INE182Z01015,
SSWL,EQ,855.0,864.0,840.45,855.4,855.9,850.3,35014,29914539.55,05-JAN-2022,1701,INE802C01025,
STAR,EQ,450.7,458.45,445.4,447.85,447.95,449.35,929293,420163178.35,05-JAN-2022,24388,INE939A01011,
STARCEMENT,EQ,95.75,96.5,94.8,95.15,95.0,95.25,137039,13097774.6,05-JAN-2022,1979,INE460H01021,
STARHEALTH,EQ,774.0,779.5,753.85,761.7,765.2,773.6,427959,326018101.75,05-JAN-2022,27104,INE575P01011,
STARPAPER,EQ,129.3,139.0,128.0,133.15,133.4,128.85,449469,60435467.7,05-JAN-2022,9694,INE733A01018,
STCINDIA,EQ,105.2,114.9,103.75,107.95,107.85,104.95,449706,49550127.85,05-JAN-2022,10610,INE655A01013,
STEELCAS,EQ,293.0,296.95,281.45,284.7,289.0,290.75,2105,610045.55,05-JAN-2022,235,INE124E01020,
STEELCITY,EQ,61.15,62.9,61.15,62.35,62.1,62.2,29155,1818509.4,05-JAN-2022,342,INE395H01011,
STEELXIND,BE,207.0,207.4,195.0,206.9,206.0,197.55,778177,160237258.95,05-JAN-2022,2006,INE503B01013,
STEL,EQ,158.05,159.55,156.0,157.2,158.0,158.0,6819,1073866.85,05-JAN-2022,224,INE577L01016,
STERTOOLS,EQ,185.85,187.8,181.05,183.05,183.0,183.0,31928,5878552.6,05-JAN-2022,757,INE334A01023,
STLTECH,EQ,281.8,285.5,279.0,280.4,279.8,281.0,1067393,301770863.25,05-JAN-2022,19819,INE089C01029,
STOVEKRAFT,EQ,999.7,1007.95,990.0,992.3,995.0,999.6,37043,36935428.2,05-JAN-2022,3506,INE00IN01015,
STYLAMIND,EQ,1082.05,1102.0,1066.2,1091.35,1093.0,1094.6,2712,2945851.15,05-JAN-2022,359,INE239C01020,
SUBCAPCITY,BE,20.85,21.85,20.85,21.75,20.85,20.85,106,2300.1,05-JAN-2022,4,INE845C01016,
SUBEXLTD,EQ,53.05,54.15,52.5,52.9,52.95,53.3,4245621,225616928.85,05-JAN-2022,14251,INE754A01055,
SUBROS,EQ,368.5,376.0,366.0,369.0,369.0,368.45,12362,4585943.6,05-JAN-2022,702,INE287B01021,
SUDARSCHEM,EQ,574.6,582.65,571.0,575.35,577.0,571.7,62446,35953108.4,05-JAN-2022,4150,INE659A01023,
SUMEETINDS,EQ,10.05,10.5,9.6,10.5,10.5,10.0,1681234,17320227.6,05-JAN-2022,1325,INE235C01010,
SUMICHEM,EQ,386.0,389.15,380.0,380.4,380.8,384.7,175026,66981731.6,05-JAN-2022,6424,INE258G01013,
SUMIT,EQ,12.25,12.25,11.9,12.05,12.0,12.15,30495,366897.0,05-JAN-2022,147,INE748Z01013,
SUMMITSEC,EQ,660.0,674.15,660.0,663.55,666.5,673.5,1558,1038949.55,05-JAN-2022,227,INE519C01017,
SUNCLAYLTD,EQ,3880.0,3905.0,3812.0,3837.0,3816.0,3869.0,2656,10221991.25,05-JAN-2022,841,INE105A01035,
SUNDARAM,BE,4.55,4.7,4.3,4.7,4.7,4.5,3357877,14942451.35,05-JAN-2022,2796,INE108E01023,
SUNDARMFIN,EQ,2400.0,2410.3,2328.95,2362.15,2362.0,2410.3,19317,45488506.05,05-JAN-2022,4419,INE660A01013,
SUNDARMHLD,EQ,78.8,80.85,78.0,80.0,80.5,78.85,89257,7126652.05,05-JAN-2022,990,INE202Z01029,
SUNDRMBRAK,EQ,373.65,373.65,358.95,362.6,364.0,372.8,3343,1215333.9,05-JAN-2022,219,INE073D01013,
SUNDRMFAST,EQ,890.0,915.05,873.6,899.15,891.35,894.75,158677,140688753.9,05-JAN-2022,5343,INE387A01021,
SUNFLAG,EQ,71.85,72.2,70.45,71.75,71.9,71.25,186807,13358368.0,05-JAN-2022,2101,INE947A01014,
SUNPHARMA,EQ,840.0,844.55,830.65,835.1,837.15,837.7,2436343,2038654036.95,05-JAN-2022,56965,INE044A01036,
SUNTECK,EQ,495.3,519.7,492.2,514.45,515.95,497.65,1733116,883036358.6,05-JAN-2022,34122,INE805D01034,
SUNTV,EQ,504.4,509.0,502.0,506.7,506.5,503.35,547743,277613974.8,05-JAN-2022,14327,INE424H01027,
SUPERHOUSE,EQ,171.6,172.9,167.65,168.35,168.0,170.85,12310,2093024.65,05-JAN-2022,287,INE712B01010,
SUPERSPIN,EQ,12.0,12.0,10.8,11.35,11.45,11.9,340461,3851857.9,05-JAN-2022,937,INE662A01027,
SUPPETRO,EQ,707.0,746.2,694.85,723.4,725.0,704.35,193248,140964379.4,05-JAN-2022,18218,INE663A01017,
SUPRAJIT,EQ,449.25,451.15,441.35,446.2,443.0,449.3,142679,63922736.95,05-JAN-2022,7534,INE399C01030,
SUPREMEENG,EQ,23.0,24.75,22.45,24.75,24.75,23.6,804248,19421144.75,05-JAN-2022,1634,INE319Z01013,
SUPREMEIND,EQ,2255.0,2259.9,2225.0,2234.6,2225.0,2226.25,222566,500054611.6,05-JAN-2022,4433,INE195A01028,
SUPREMEINF,BE,28.45,28.45,26.5,28.25,28.45,27.1,37722,1070569.8,05-JAN-2022,88,INE550H01011,
SUPRIYA,EQ,481.0,485.0,466.65,478.35,485.0,478.15,2087215,993111330.9,05-JAN-2022,37003,INE07RO01027,
SURANASOL,BE,33.95,33.95,30.75,33.95,33.95,32.35,523987,17240565.95,05-JAN-2022,4277,INE272L01022,
SURANAT&P,EQ,12.15,12.15,11.6,12.15,12.15,11.6,1027836,12446363.95,05-JAN-2022,1764,INE130B01031,
SURANI,SM,36.0,36.35,32.95,36.35,36.35,34.65,8000,282600.0,05-JAN-2022,4,INE01ZJ01015,
SURYALAXMI,EQ,95.0,96.0,86.9,90.15,90.0,91.45,158018,14345848.55,05-JAN-2022,1746,INE713B01026,
SURYAROSNI,EQ,517.9,522.9,499.75,504.95,504.95,513.45,378909,194105425.5,05-JAN-2022,15926,INE335A01012,
SURYODAY,EQ,145.9,146.7,144.0,144.2,144.3,144.85,114473,16597464.9,05-JAN-2022,3052,INE428Q01011,
SUTLEJTEX,EQ,84.0,87.4,83.1,85.0,84.65,83.95,397080,34020664.75,05-JAN-2022,4910,INE645H01027,
SUULD,EQ,302.3,302.3,295.95,297.25,296.5,302.3,39847,11915026.95,05-JAN-2022,1520,INE591Q01016,
SUVEN,EQ,90.05,91.9,90.0,90.1,90.1,90.9,178671,16191614.55,05-JAN-2022,2175,INE495B01038,
SUVENPHAR,EQ,490.8,494.6,485.6,490.25,489.2,488.2,186240,91192157.4,05-JAN-2022,13078,INE03QK01018,
SUVIDHAA,EQ,12.15,12.2,11.55,11.85,11.75,12.15,1971185,23085056.9,05-JAN-2022,3104,INE018401013,
SUZLON,EQ,9.9,9.95,9.7,9.7,9.7,10.2,49630125,483041828.2,05-JAN-2022,59717,INE040H01021,
SVLL,SM,110.0,110.0,110.0,110.0,110.0,112.0,3000,330000.0,05-JAN-2022,1,INE00CE01017,
SVPGLOB,EQ,73.9,73.9,71.6,72.2,72.3,72.55,434550,31456550.9,05-JAN-2022,3514,INE308E01029,
SWANENERGY,EQ,145.55,148.55,142.0,147.9,148.5,145.6,164858,24161276.45,05-JAN-2022,2396,INE665A01038,
SWARAJENG,EQ,1631.0,1650.0,1623.2,1632.05,1639.9,1631.7,4550,7440928.65,05-JAN-2022,717,INE277A01016,
SWELECTES,EQ,304.05,320.0,300.0,305.65,306.0,304.15,105253,32647716.4,05-JAN-2022,6646,INE409B01013,
SWSOLAR,EQ,383.45,386.8,381.2,382.25,381.35,383.5,596023,228415690.05,05-JAN-2022,11279,INE00M201021,
SYMPHONY,EQ,1017.6,1017.6,1001.0,1003.55,1001.2,1012.5,10700,10769802.25,05-JAN-2022,1671,INE225D01027,
SYNGENE,EQ,618.8,648.75,618.8,628.8,630.15,617.8,2094617,1335714039.9,05-JAN-2022,44987,INE398R01022,
TAINWALCHM,EQ,69.7,71.9,69.35,70.85,71.5,71.7,3677,259267.55,05-JAN-2022,223,INE123C01018,
TAJGVK,EQ,130.05,130.05,127.2,128.05,128.0,130.5,85119,10962787.9,05-JAN-2022,2921,INE586B01026,
TAKE,EQ,47.8,48.2,47.05,47.15,47.1,47.55,430220,20399184.6,05-JAN-2022,2694,INE142I01023,
TALBROAUTO,EQ,457.0,525.9,454.05,517.5,512.8,438.25,1571666,780712150.75,05-JAN-2022,80600,INE187D01011,
TANLA,EQ,1820.0,1824.9,1759.0,1769.2,1775.35,1799.75,244072,435079111.65,05-JAN-2022,20150,INE483C01032,
TANTIACONS,BZ,24.0,24.0,24.0,24.0,24.0,25.25,1398,33552.0,05-JAN-2022,19,INE388G01018,
TARACHAND,SM,44.6,44.7,43.0,44.65,44.65,43.0,20000,886000.0,05-JAN-2022,9,INE555Z01012,
TARAPUR,BE,5.75,5.75,5.55,5.55,5.55,5.8,4866,27271.75,05-JAN-2022,27,INE747K01017,
TARC,EQ,51.0,51.0,49.45,50.05,49.65,50.9,1715405,86024635.15,05-JAN-2022,5362,INE0EK901012,
TARMAT,EQ,72.9,72.9,71.35,72.1,71.95,72.35,36305,2623790.05,05-JAN-2022,731,INE924H01018,
TARSONS,EQ,644.7,646.8,629.2,636.65,637.8,630.0,163392,104150080.3,05-JAN-2022,9172,INE144Z01023,
TASTYBITE,EQ,13525.0,14440.0,13525.0,14124.65,14010.0,13620.7,5273,74322803.6,05-JAN-2022,2545,INE488B01017,
TATACAPHSG,N2,1015.0,1019.95,1015.0,1019.95,1019.95,1016.79,265,269633.4,05-JAN-2022,8,INE033L07GM9,
TATACAPHSG,N4,1045.0,1045.0,1038.3,1038.3,1038.3,1069.86,25,26024.5,05-JAN-2022,2,INE033L07GO5,
TATACAPHSG,N6,1058.8,1058.8,1055.0,1055.0,1055.0,1055.0,182,192013.8,05-JAN-2022,14,INE033L07GQ0,
TATACHEM,EQ,907.8,918.0,901.5,915.2,914.9,909.1,749483,681602029.35,05-JAN-2022,20742,INE092A01019,
TATACOFFEE,EQ,218.5,218.7,214.3,214.85,214.65,217.8,1350483,291325687.4,05-JAN-2022,12079,INE493A01027,
TATACOMM,EQ,1421.0,1543.15,1405.55,1502.25,1507.95,1421.2,2827021,4212963514.7,05-JAN-2022,85583,INE151A01013,
TATACONSUM,EQ,740.25,743.5,726.5,733.6,733.5,738.85,2076552,1518495970.4,05-JAN-2022,55714,INE192A01025,
TATAELXSI,EQ,6000.0,6027.0,5884.95,5963.8,5975.0,5977.75,106351,633159092.8,05-JAN-2022,18033,INE670A01012,
TATAINVEST,EQ,1401.0,1452.0,1392.5,1420.2,1423.55,1411.95,37865,53888450.8,05-JAN-2022,4876,INE672A01018,
TATAMETALI,EQ,860.0,882.0,859.15,875.75,878.65,859.35,82795,72026765.15,05-JAN-2022,5874,INE056C01010,
TATAMOTORS,EQ,486.95,492.75,483.55,489.75,487.85,489.6,15420105,7532700850.6,05-JAN-2022,166910,INE155A01022,
TATAMTRDVR,EQ,243.15,245.6,240.15,243.65,242.8,244.5,2110241,513138091.4,05-JAN-2022,19898,IN9155A01020,
TATAPOWER,EQ,226.4,226.55,223.0,223.5,223.3,226.3,17271276,3870609185.5,05-JAN-2022,132531,INE245A01021,
TATASTEEL,EQ,1147.0,1180.8,1141.25,1177.6,1176.0,1148.8,6186176,7216800113.2,05-JAN-2022,134032,INE081A01012,
TATASTLLP,EQ,744.0,765.85,740.0,758.35,757.0,746.55,60812,45792625.15,05-JAN-2022,4534,INE674A01014,
TATVA,EQ,2628.6,2638.75,2560.0,2575.2,2573.0,2614.35,32074,83075291.25,05-JAN-2022,5856,INE0GK401011,
TBZ,EQ,80.8,84.8,80.15,82.3,82.3,80.4,417817,34615062.3,05-JAN-2022,3871,INE760L01018,
TCFSL,ND,1057.1,1064.0,1056.1,1062.82,1063.99,1058.09,1333,1412753.8,05-JAN-2022,23,INE306N07KF1,
TCFSL,NF,1140.9,1146.0,1137.95,1145.0,1145.0,1135.0,290,331887.75,05-JAN-2022,8,INE306N08292,
TCFSL,NH,1040.0,1040.0,1020.0,1035.0,1035.0,1040.0,650,667220.0,05-JAN-2022,7,INE306N07LI3,
TCFSL,NL,1113.0,1113.0,1113.0,1113.0,1113.0,1111.0,57,63441.0,05-JAN-2022,11,INE306N07LM5,
TCI,EQ,772.4,775.0,757.3,771.45,771.65,773.5,112395,86282406.6,05-JAN-2022,9339,INE688A01022,
TCIDEVELOP,EQ,337.75,337.8,332.85,335.6,337.75,337.4,229,77019.45,05-JAN-2022,42,INE662L01016,
TCIEXP,EQ,2150.0,2221.1,2082.0,2191.0,2183.95,2121.8,64036,137057063.7,05-JAN-2022,11807,INE586V01016,
TCIFINANCE,BE,6.65,6.8,6.65,6.8,6.8,6.8,16325,109279.75,05-JAN-2022,25,INE911B01018,
TCNSBRANDS,EQ,790.0,791.5,770.0,773.7,773.5,783.8,13628,10622587.4,05-JAN-2022,1537,INE778U01029,
TCPLPACK,EQ,540.0,577.0,530.0,552.45,543.0,535.45,33855,18921904.05,05-JAN-2022,1718,INE822C01015,
TCS,EQ,3865.0,3870.0,3812.4,3860.95,3856.0,3884.75,1733031,6668131688.0,05-JAN-2022,136018,INE467B01029,
TDPOWERSYS,EQ,443.9,444.0,426.4,429.0,428.0,436.0,32002,13927935.45,05-JAN-2022,3165,INE419M01019,
TEAMLEASE,EQ,4160.05,4300.0,4055.55,4104.95,4114.0,4200.5,14565,60838710.35,05-JAN-2022,4245,INE985S01024,
TECH,EQ,39.05,39.05,38.55,38.65,38.6,39.05,10552,408498.41,05-JAN-2022,153,INF209KB11D8,
TECHIN,EQ,9.5,9.55,8.7,9.05,8.85,9.15,103290,933504.5,05-JAN-2022,439,INE778A01021,
TECHM,EQ,1779.95,1782.95,1733.0,1737.55,1739.0,1789.8,3138050,5474553213.25,05-JAN-2022,120760,INE669C01036,
TECHNOE,EQ,250.0,257.0,245.7,246.9,249.0,250.6,47212,11739113.7,05-JAN-2022,1999,INE285K01026,
TEGA,EQ,595.0,603.0,590.55,593.85,594.0,598.05,231705,137981496.05,05-JAN-2022,9992,INE011K01018,
TEJASNET,EQ,425.0,435.95,419.45,430.15,430.05,425.0,265863,113696127.05,05-JAN-2022,6128,INE010J01012,
TEMBO,EQ,280.0,284.95,275.0,281.15,277.95,281.25,36215,10072503.75,05-JAN-2022,303,INE869Y01010,
TERASOFT,EQ,53.0,53.45,51.2,52.15,52.5,52.55,42011,2201525.8,05-JAN-2022,700,INE482B01010,
TEXINFRA,EQ,67.35,69.5,66.5,67.9,68.1,67.6,129293,8796969.15,05-JAN-2022,1588,INE435C01024,
TEXMOPIPES,EQ,72.75,72.8,70.45,70.8,70.8,69.8,305130,21810797.7,05-JAN-2022,3860,INE141K01013,
TEXRAIL,EQ,33.0,35.7,32.55,34.55,34.55,32.7,3970811,136906549.3,05-JAN-2022,14516,INE621L01012,
TFCILTD,EQ,62.0,62.0,60.25,60.45,60.35,62.25,107177,6517269.05,05-JAN-2022,1232,INE305A01015,
TFL,EQ,9.25,9.25,9.25,9.25,9.25,8.85,3648,33744.0,05-JAN-2022,8,INE804H01012,
TGBHOTELS,EQ,9.3,9.5,9.05,9.3,9.2,9.4,33433,310526.95,05-JAN-2022,145,INE797H01018,
THANGAMAYL,EQ,1370.0,1407.5,1345.0,1356.95,1357.4,1367.6,13644,18835512.2,05-JAN-2022,1846,INE085J01014,
THEINVEST,EQ,103.5,109.7,100.0,106.0,106.5,100.8,44167,4678704.2,05-JAN-2022,685,INE924D01017,
THEJO,SM,1062.2,1148.0,1062.2,1130.0,1130.0,1106.7,3450,3883942.5,05-JAN-2022,22,INE121N01019,
THEMISMED,EQ,1017.0,1039.95,990.0,1010.95,1010.0,994.55,9850,9968466.7,05-JAN-2022,532,INE083B01016,
THERMAX,EQ,1865.0,1920.0,1823.05,1838.75,1832.0,1804.8,834696,1567974760.3,05-JAN-2022,72973,INE152A01029,
THOMASCOOK,EQ,59.3,60.55,59.3,59.95,59.95,60.4,292477,17530551.65,05-JAN-2022,2784,INE332A01027,
THOMASCOTT,BE,45.1,47.45,45.1,45.1,45.1,47.45,5825,263202.55,05-JAN-2022,88,INE480M01011,
THYROCARE,EQ,1102.0,1108.0,1070.0,1084.6,1083.0,1093.6,125775,137640286.9,05-JAN-2022,7595,INE594H01019,
TI,BE,99.95,101.95,95.1,99.8,100.2,99.7,289085,28771795.6,05-JAN-2022,1522,INE133E01013,
TIDEWATER,EQ,1499.0,1695.3,1489.55,1600.3,1604.85,1494.65,250222,411194745.2,05-JAN-2022,29461,INE484C01030,
TIIL,EQ,801.75,820.0,801.75,803.5,804.0,806.35,5230,4218705.5,05-JAN-2022,342,INE545H01011,
TIINDIA,EQ,2020.5,2025.0,1883.3,1901.3,1887.0,1975.1,263145,506701691.55,05-JAN-2022,34194,INE974X01010,
TIJARIA,EQ,10.0,10.0,9.5,10.0,10.0,9.55,198482,1980623.95,05-JAN-2022,391,INE440L01017,
TIL,EQ,143.4,143.55,140.2,141.35,141.25,141.05,11571,1643038.8,05-JAN-2022,309,INE806C01018,
TIMESGTY,EQ,52.8,55.1,50.0,53.75,53.95,51.0,80607,4283827.65,05-JAN-2022,1060,INE289C01025,
TIMETECHNO,EQ,78.45,78.45,76.0,76.3,76.4,77.0,571150,43901688.75,05-JAN-2022,5245,INE508G01029,
TIMKEN,EQ,2041.45,2140.0,2022.0,2091.9,2077.1,2040.45,114719,240461776.95,05-JAN-2022,17131,INE325A01013,
TINPLATE,EQ,289.5,296.0,284.0,293.45,293.35,288.8,469048,136294904.7,05-JAN-2022,11872,INE422C01014,
TIPSINDLTD,BE,2086.95,2118.95,2060.0,2118.7,2118.0,2018.05,35996,75709831.85,05-JAN-2022,1643,INE716B01011,
TIRUMALCHM,EQ,239.0,251.3,238.4,245.95,246.65,238.95,1053894,259254963.95,05-JAN-2022,19321,INE338A01024,
TIRUPATIFL,EQ,11.6,12.65,11.6,12.25,12.3,12.15,150963,1845576.5,05-JAN-2022,514,INE319Y01024,
TITAN,EQ,2576.0,2608.0,2560.1,2576.15,2574.0,2583.0,1244568,3216893224.9,05-JAN-2022,71880,INE280A01028,
TMRVL,EQ,17.3,17.5,16.35,16.6,16.55,17.1,163451,2721924.45,05-JAN-2022,945,INE759V01019,
TNPETRO,EQ,111.6,113.45,109.15,110.8,111.0,111.8,434594,48204559.5,05-JAN-2022,6672,INE148A01019,
TNPL,EQ,122.8,127.8,122.8,125.25,125.5,122.8,273938,34475955.6,05-JAN-2022,4981,INE107A01015,
TNTELE,BE,12.45,12.45,11.35,11.35,11.35,11.9,175960,2056666.65,05-JAN-2022,595,INE141D01018,
TOKYOPLAST,EQ,110.0,124.95,105.1,119.75,121.1,107.65,412473,49059945.3,05-JAN-2022,4050,INE932C01012,
TORNTPHARM,EQ,3223.0,3248.5,3186.0,3199.95,3200.0,3208.85,77081,247174316.7,05-JAN-2022,8523,INE685A01028,
TORNTPOWER,EQ,569.4,577.7,562.5,566.2,566.15,570.6,744489,425673098.1,05-JAN-2022,15105,INE813H01021,
TOTAL,BE,86.85,88.5,83.0,87.15,85.85,84.3,43239,3712967.65,05-JAN-2022,416,INE336X01012,
TOUCHWOOD,EQ,112.05,119.9,111.5,117.95,118.9,113.7,7840,906898.7,05-JAN-2022,210,INE486Y01013,
TPLPLASTEH,EQ,167.75,167.75,163.05,164.25,163.4,166.25,5728,941830.8,05-JAN-2022,367,INE413G01014,
TRANSWIND,SM,6.9,6.9,6.9,6.9,6.9,6.6,28000,193200.0,05-JAN-2022,7,INE792X01016,
TREEHOUSE,BE,11.25,11.25,10.3,10.65,10.55,10.8,30357,319703.7,05-JAN-2022,117,INE040M01013,
TREJHARA,EQ,88.95,88.95,85.15,85.95,87.25,87.55,74197,6450055.45,05-JAN-2022,1189,INE00CA01015,
TRENT,EQ,1055.0,1081.15,1049.8,1070.85,1069.0,1055.95,741560,791942567.45,05-JAN-2022,30008,INE849A01020,
TRF,BE,137.25,140.7,135.0,135.15,137.1,137.25,3363,456961.85,05-JAN-2022,57,INE391D01019,
TRIDENT,EQ,53.2,53.65,52.45,52.7,52.75,53.2,8926270,471343689.35,05-JAN-2022,57032,INE064C01022,
TRIGYN,EQ,180.9,183.0,166.65,176.35,176.85,177.0,764003,134067339.4,05-JAN-2022,23246,INE948A01012,
TRIL,EQ,36.7,36.7,35.4,35.55,35.6,36.45,317662,11422103.65,05-JAN-2022,2285,INE763I01026,
TRITURBINE,EQ,185.7,189.9,182.1,184.2,183.8,187.6,359089,66773484.4,05-JAN-2022,10879,INE152M01016,
TRIVENI,EQ,247.4,252.4,241.05,242.4,242.9,249.5,1740342,428265440.45,05-JAN-2022,31243,INE256C01024,
TTKHLTCARE,EQ,706.0,720.0,706.0,712.35,712.0,714.85,4644,3303931.1,05-JAN-2022,348,INE910C01018,
TTKPRESTIG,EQ,1040.9,1040.9,1002.0,1008.0,1009.9,1031.6,125560,127150480.3,05-JAN-2022,12286,INE690A01028,
TTL,EQ,103.0,117.6,102.3,107.8,107.15,104.5,800441,88591228.85,05-JAN-2022,27536,INE592B01016,
TTML,BE,225.1,238.8,217.0,238.8,238.8,227.45,4932925,1151875607.35,05-JAN-2022,66298,INE517B01013,
TV18BRDCST,EQ,46.25,46.45,45.15,45.6,45.7,46.5,7400432,338341728.7,05-JAN-2022,14353,INE886H01027,
TVSELECT,EQ,187.2,193.8,185.05,187.1,185.7,187.2,106034,20085138.0,05-JAN-2022,3310,INE236G01019,
TVSMOTOR,EQ,632.8,644.2,629.4,638.7,636.75,630.45,1056096,673195067.25,05-JAN-2022,23738,INE494B01023,
TVSSRICHAK,EQ,1968.9,2016.95,1966.0,1993.55,2003.0,1972.0,19305,38511982.05,05-JAN-2022,1225,INE421C01016,
TVTODAY,EQ,423.35,429.4,417.05,418.15,418.0,421.75,132460,55770706.3,05-JAN-2022,2510,INE038F01029,
TWL,EQ,94.95,98.65,94.5,96.35,96.5,94.65,967724,93674106.3,05-JAN-2022,7190,INE615H01020,
UBL,EQ,1575.0,1584.35,1557.0,1577.55,1575.5,1572.15,166495,261952818.2,05-JAN-2022,12410,INE686F01025,
UCALFUEL,EQ,161.9,167.4,160.4,161.95,161.0,159.7,181886,29742161.85,05-JAN-2022,5857,INE139B01016,
UCOBANK,EQ,13.2,13.35,13.1,13.3,13.25,13.2,4143419,54934630.65,05-JAN-2022,14058,INE691A01018,
UDAICEMENT,EQ,37.1,39.0,37.0,37.9,38.0,37.65,523518,19920877.65,05-JAN-2022,2875,INE225C01029,
UFLEX,EQ,528.45,534.05,519.95,523.7,525.0,521.3,144076,75980192.85,05-JAN-2022,6022,INE516A01017,
UFO,EQ,92.8,93.3,91.65,92.0,92.0,92.55,201513,18619858.4,05-JAN-2022,2783,INE527H01019,
UGARSUGAR,EQ,33.15,34.8,31.05,32.3,32.2,33.15,1416455,47013557.3,05-JAN-2022,5667,INE071E01023,
UGROCAP,EQ,202.8,205.6,200.0,201.9,201.5,200.6,395953,79996600.2,05-JAN-2022,2529,INE583D01011,
UGROCAP,N1,1001.1,1009.9,1001.1,1009.9,1009.9,1001.3,18,18107.8,05-JAN-2022,2,INE583D07174,
UJAAS,EQ,5.05,5.15,4.75,4.8,4.75,4.95,10856434,52976972.8,05-JAN-2022,9818,INE899L01022,
UJJIVAN,EQ,134.5,142.4,133.0,139.9,140.55,134.05,1811203,251340617.25,05-JAN-2022,18690,INE334L01012,
UJJIVANSFB,EQ,19.0,20.05,18.8,19.85,19.65,18.95,9738292,190610763.35,05-JAN-2022,11540,INE551W01018,
ULTRACEMCO,EQ,7650.5,7769.0,7595.0,7659.55,7649.25,7650.35,400874,3069947506.25,05-JAN-2022,48598,INE481G01011,
UMANGDAIRY,EQ,72.7,72.95,71.45,71.85,71.75,72.7,23644,1711186.5,05-JAN-2022,483,INE864B01027,
UNICHEMLAB,EQ,249.05,265.9,248.05,264.75,264.95,251.1,127035,32863284.65,05-JAN-2022,4931,INE351A01035,
UNIDT,EQ,456.0,535.0,445.3,517.7,517.8,449.6,934442,473420931.25,05-JAN-2022,39788,INE961D01019,
UNIENTER,EQ,134.4,135.35,129.55,131.4,129.7,133.6,17072,2256110.6,05-JAN-2022,429,INE037A01022,
UNIINFO,SM,39.65,39.65,39.0,39.65,39.65,37.8,12000,473700.0,05-JAN-2022,5,INE481Z01011,
UNIONBANK,EQ,44.4,45.8,44.2,45.5,45.45,44.35,13514162,609958798.45,05-JAN-2022,22222,INE692A01016,
UNITECH,BZ,3.9,3.95,3.7,3.7,3.7,3.85,8899555,33523412.05,05-JAN-2022,6654,INE694A01020,
UNITEDPOLY,EQ,20.05,20.05,20.05,20.05,20.05,19.1,10,200.5,05-JAN-2022,1,INE368U01011,
UNITEDTEA,EQ,334.85,336.0,323.05,328.0,327.0,329.85,2770,912292.55,05-JAN-2022,116,INE458F01011,
UNIVASTU,EQ,68.25,70.4,66.7,68.0,67.5,68.6,20545,1401278.45,05-JAN-2022,412,INE562X01013,
UNIVCABLES,EQ,170.0,174.9,170.0,171.05,170.1,172.0,24474,4208503.6,05-JAN-2022,777,INE279A01012,
UNIVPHOTO,EQ,674.35,696.55,650.0,679.2,680.0,663.4,13343,8876750.15,05-JAN-2022,691,INE03V001013,
UPL,EQ,759.0,769.85,757.4,764.5,764.35,761.75,1156604,881650851.2,05-JAN-2022,29824,INE628A01036,
URJA,BE,22.8,23.9,21.7,23.9,23.9,22.8,5179275,118098036.5,05-JAN-2022,16688,INE550C01020,
USHAMART,EQ,93.5,95.6,93.0,93.2,93.75,93.95,528444,49665147.75,05-JAN-2022,3834,INE228A01035,
UTIAMC,EQ,1075.0,1088.85,1055.0,1076.75,1084.0,1078.95,134719,144692308.4,05-JAN-2022,12624,INE094J01016,
UTIBANKETF,EQ,36.36,37.87,36.36,37.77,37.85,36.69,21397,799453.1,05-JAN-2022,228,INF789F1AUV1,
UTINEXT50,EQ,44.01,44.7,43.67,44.57,44.7,44.23,16001,710605.88,05-JAN-2022,236,INF789F1AUW9,
UTINIFTETF,EQ,1879.25,1892.0,1865.05,1883.96,1878.5,1871.76,614,1153885.09,05-JAN-2022,177,INF789FB1X41,
UTISENSETF,EQ,637.99,637.99,619.2,630.18,629.0,631.83,935,589884.77,05-JAN-2022,107,INF789FB1X58,
UTISXN50,EQ,49.55,51.0,48.66,49.5,49.5,49.28,833,41420.95,05-JAN-2022,59,INF789F1AUU3,
UTTAMSTL,EQ,6.4,6.6,6.1,6.6,6.6,6.3,3771091,24093228.2,05-JAN-2022,3497,INE699A01011,
UTTAMSUGAR,EQ,220.0,224.0,206.95,207.55,207.4,219.1,674863,145711189.0,05-JAN-2022,15508,INE786F01031,
V2RETAIL,EQ,158.9,159.8,152.8,153.3,153.5,157.7,35713,5575230.7,05-JAN-2022,585,INE945H01013,
VADILALIND,EQ,980.85,988.0,967.65,970.05,968.0,980.85,13197,12904154.35,05-JAN-2022,1348,INE694D01016,
VAIBHAVGBL,EQ,568.9,570.0,555.0,556.9,558.85,570.05,128266,71772567.15,05-JAN-2022,9696,INE884A01027,
VAISHALI,EQ,35.8,35.8,34.1,34.35,34.3,35.45,43610,1512129.35,05-JAN-2022,432,INE972X01014,
VAKRANGEE,EQ,42.2,42.6,40.9,41.15,41.2,42.15,4997936,208516607.7,05-JAN-2022,12944,INE051B01021,
VALIANTORG,EQ,1074.1,1135.0,1066.1,1129.05,1128.0,1086.1,76985,85398132.9,05-JAN-2022,7311,INE565V01010,
VARDHACRLC,EQ,53.0,55.4,53.0,54.7,54.65,53.25,342097,18657275.65,05-JAN-2022,1721,INE116G01013,
VARDMNPOLY,EQ,25.8,27.0,25.55,27.0,27.0,25.75,75543,2023706.25,05-JAN-2022,392,INE835A01011,
VARROC,EQ,367.9,380.0,365.45,373.3,373.4,365.3,1516144,565947599.2,05-JAN-2022,40204,INE665L01035,
VASCONEQ,EQ,27.2,28.6,27.05,27.7,28.0,27.35,920591,25689360.3,05-JAN-2022,2848,INE893I01013,
VASWANI,EQ,18.7,19.1,18.15,18.8,18.8,18.6,149892,2776579.85,05-JAN-2022,890,INE590L01019,
VBL,EQ,863.55,880.9,863.55,875.0,873.1,874.9,156066,136676748.2,05-JAN-2022,9986,INE200M01013,
VCL,SM,81.0,81.0,81.0,81.0,81.0,82.0,7500,607500.0,05-JAN-2022,3,INE098201010,
VEDL,EQ,336.55,338.45,332.65,333.85,333.8,335.25,9231180,3096902501.5,05-JAN-2022,70669,INE205A01025,
VENKEYS,EQ,2641.6,2658.9,2601.5,2607.05,2605.0,2641.6,30651,80443092.55,05-JAN-2022,5302,INE398A01010,
VENUSREM,EQ,405.0,410.75,396.05,397.4,396.5,402.55,56492,22608518.95,05-JAN-2022,2426,INE411B01019,
VERTOZ,EQ,104.45,110.0,102.4,108.25,107.95,102.2,188175,20267816.9,05-JAN-2022,3413,INE188Y01015,
VESUVIUS,EQ,1094.9,1100.1,1086.85,1098.7,1100.0,1088.7,5995,6587441.05,05-JAN-2022,498,INE386A01015,
VETO,EQ,118.4,122.3,115.0,116.05,116.0,117.75,319758,37816539.8,05-JAN-2022,9796,INE918N01018,
VGUARD,EQ,224.9,225.35,222.2,222.95,223.0,224.35,206874,46274236.0,05-JAN-2022,4793,INE951I01027,
VHL,EQ,2999.95,3090.0,2991.3,3002.85,3002.0,3000.0,17362,52120407.4,05-JAN-2022,4694,INE701A01023,
VICEROY,BZ,5.25,5.25,4.8,5.25,5.25,5.0,257898,1341148.25,05-JAN-2022,397,INE048C01017,
VIDHIING,EQ,401.7,404.95,398.0,399.7,398.0,400.1,63817,25588106.1,05-JAN-2022,2341,INE632C01026,
VIJAYA,EQ,585.0,585.0,565.2,568.65,569.75,579.8,35319,20113617.1,05-JAN-2022,3618,INE043W01024,
VIJIFIN,BE,6.6,6.6,6.6,6.6,6.6,6.9,143205,945153.0,05-JAN-2022,442,INE159N01027,
VIKASECO,EQ,3.3,3.3,3.3,3.3,3.3,3.15,1238450,4086885.0,05-JAN-2022,640,INE806A01020,
VIKASLIFE,EQ,4.65,4.65,4.3,4.65,4.65,4.45,28923468,133252464.5,05-JAN-2022,27909,INE161L01027,
VIKASPROP,BE,2.85,2.85,2.85,2.85,2.85,2.95,1639653,4673011.05,05-JAN-2022,2538,INE767B01022,
VIKASWSP,EQ,4.5,4.9,4.5,4.9,4.9,4.7,8059056,38059662.15,05-JAN-2022,3258,INE706A01022,
VIMTALABS,EQ,405.0,414.0,400.0,404.05,403.9,405.7,43846,17901723.4,05-JAN-2022,2940,INE579C01029,
VINATIORGA,EQ,2060.0,2096.4,2051.0,2078.6,2082.0,2073.35,38807,80590895.25,05-JAN-2022,5627,INE410B01037,
VINDHYATEL,EQ,1289.0,1333.2,1288.95,1306.85,1303.0,1284.05,76752,100908608.0,05-JAN-2022,7160,INE707A01012,
VINEETLAB,EQ,80.05,81.6,78.75,79.5,79.25,80.1,18416,1476911.05,05-JAN-2022,311,INE505Y01010,
VINYLINDIA,EQ,239.0,247.0,239.0,241.3,241.35,241.3,45089,10953343.3,05-JAN-2022,1511,INE250B01029,
VIPCLOTHNG,EQ,22.35,23.5,21.75,23.5,23.5,22.4,792840,18166978.35,05-JAN-2022,1757,INE450G01024,
VIPIND,EQ,554.0,554.95,539.0,541.8,542.0,547.3,143875,78114487.05,05-JAN-2022,8652,INE054A01027,
VIPULLTD,EQ,25.7,26.25,24.8,24.85,24.8,25.1,155335,3911427.8,05-JAN-2022,283,INE946H01037,
VISAKAIND,EQ,691.9,691.9,666.1,670.8,669.0,684.2,40388,27432377.9,05-JAN-2022,2940,INE392A01013,
VISASTEEL,EQ,17.2,17.4,16.2,16.95,16.95,16.8,130674,2193501.45,05-JAN-2022,746,INE286H01012,
VISESHINFO,BE,0.85,0.85,0.85,0.85,0.85,0.8,24000764,20400649.4,05-JAN-2022,1497,INE861A01058,
VISHAL,EQ,95.6,96.65,93.05,94.25,94.0,95.5,49351,4673690.15,05-JAN-2022,1090,INE755Q01025,
VISHNU,BE,882.0,884.9,869.0,880.0,881.85,878.7,3837,3367076.2,05-JAN-2022,233,INE270I01014,
VISHWARAJ,EQ,25.5,26.2,24.8,25.15,25.1,25.4,15724039,400182471.7,05-JAN-2022,24202,INE430N01022,
VIVIDHA,BE,1.9,1.9,1.9,1.9,1.9,1.85,629039,1195174.1,05-JAN-2022,320,INE370E01029,
VIVIMEDLAB,EQ,22.85,22.9,21.6,21.9,21.95,22.8,541596,11945814.25,05-JAN-2022,2461,INE526G01021,
VLIFEPP,E1,1.6,1.6,1.55,1.6,1.6,1.55,1655950,2649510.5,05-JAN-2022,568,IN9161L01017,
VLSFINANCE,EQ,193.95,197.9,193.0,195.35,195.1,193.35,29295,5733667.9,05-JAN-2022,755,INE709A01018,
VMART,EQ,3730.0,3800.0,3683.15,3766.45,3786.0,3714.85,6088,22744627.55,05-JAN-2022,2022,INE665J01013,
VOLTAMP,EQ,2030.05,2050.0,2016.1,2030.15,2036.0,2024.6,5901,12038153.9,05-JAN-2022,1142,INE540H01012,
VOLTAS,EQ,1245.5,1254.55,1238.95,1249.5,1249.0,1245.5,433601,541301076.8,05-JAN-2022,19669,INE226A01021,
VRLLOG,EQ,454.5,475.0,442.0,471.0,473.0,456.7,255819,119028955.45,05-JAN-2022,12680,INE366I01010,
VSCL,SM,27.2,27.2,27.2,27.2,27.2,28.6,3000,81600.0,05-JAN-2022,1,INE551Q01028,
VSSL,EQ,264.0,265.0,257.9,263.5,263.95,259.3,91890,24098962.65,05-JAN-2022,4253,INE050M01012,
VSTIND,EQ,3183.85,3200.0,3138.5,3167.1,3185.0,3168.0,3531,11188618.45,05-JAN-2022,1014,INE710A01016,
VSTTILLERS,EQ,2841.0,2883.4,2806.05,2816.7,2810.25,2869.05,4540,12877728.7,05-JAN-2022,1304,INE764D01017,
VTL,EQ,2575.35,2638.0,2478.25,2506.05,2510.0,2562.8,425715,1084738615.5,05-JAN-2022,33451,INE825A01012,
WABAG,EQ,315.0,317.65,311.55,313.25,314.0,310.65,167985,52837145.5,05-JAN-2022,3805,INE956G01038,
WABCOINDIA,EQ,8489.0,8654.0,8293.0,8610.95,8653.95,8477.35,4751,40256628.95,05-JAN-2022,1394,INE342J01019,
WALCHANNAG,EQ,52.1,53.5,51.9,52.1,52.15,52.2,309672,16261464.7,05-JAN-2022,2157,INE711A01022,
WALPAR,SM,31.45,31.45,31.45,31.45,31.45,30.85,2000,62900.0,05-JAN-2022,1,INE0G2G01015,
WANBURY,BE,77.0,80.0,77.0,78.1,78.0,78.95,27445,2146343.05,05-JAN-2022,137,INE107F01022,
WATERBASE,EQ,104.8,106.5,103.2,104.85,105.0,104.1,89345,9378979.55,05-JAN-2022,1890,INE054C01015,
WEALTH,BE,271.95,282.0,258.3,259.0,259.0,271.85,296,79847.8,05-JAN-2022,18,INE658T01017,
WEBELSOLAR,EQ,148.35,148.35,148.35,148.35,148.35,156.15,156619,23234428.65,05-JAN-2022,2558,INE855C01015,
WEIZMANIND,EQ,55.65,58.0,55.65,56.7,57.65,55.5,9127,512735.25,05-JAN-2022,227,INE080A01014,
WELCORP,EQ,185.0,186.0,179.5,180.25,180.5,185.45,1286097,234961605.95,05-JAN-2022,11284,INE191B01025,
WELENT,EQ,101.0,101.0,97.55,98.05,98.0,101.3,257909,25544670.35,05-JAN-2022,4433,INE625G01013,
WELINV,EQ,288.0,291.0,285.9,289.0,286.0,284.5,939,271481.75,05-JAN-2022,94,INE389K01018,
WELSPUNIND,EQ,157.9,157.9,152.7,155.4,155.0,156.95,2203027,342220957.4,05-JAN-2022,21302,INE192B01031,
WENDT,EQ,5195.0,5250.0,5167.7,5228.9,5210.05,5190.55,280,1457829.6,05-JAN-2022,142,INE274C01019,
WESTLIFE,EQ,545.15,554.0,539.2,542.35,539.95,551.2,420187,229235570.1,05-JAN-2022,3943,INE274F01020,
WEWIN,SM,38.05,39.05,36.1,38.9,38.9,37.2,36000,1372350.0,05-JAN-2022,11,INE082W01014,
WHEELS,EQ,655.0,664.65,640.95,649.2,650.05,655.7,11958,7816932.55,05-JAN-2022,919,INE715A01015,
WHIRLPOOL,EQ,1785.55,1798.0,1775.0,1778.5,1778.9,1781.9,119875,213620227.95,05-JAN-2022,7215,INE716A01013,
WILLAMAGOR,EQ,24.75,26.4,24.75,26.2,26.3,25.15,22343,580286.35,05-JAN-2022,194,INE210A01017,
WINDLAS,EQ,272.55,277.75,272.25,273.25,273.5,273.5,53097,14565171.4,05-JAN-2022,2520,INE0H5O01029,
WINDMACHIN,EQ,37.7,41.15,36.9,40.4,40.5,37.45,859294,34723504.1,05-JAN-2022,3104,INE052A01021,
WINPRO,EQ,9.0,9.0,8.4,8.55,8.55,8.75,2390598,20895822.0,05-JAN-2022,2136,INE974C01022,
WIPL,BE,54.1,54.1,51.0,53.0,53.0,52.5,1147,60784.0,05-JAN-2022,20,INE215F01023,
WIPRO,EQ,720.0,720.85,703.0,713.5,713.6,721.5,7355632,5232609495.95,05-JAN-2022,135056,INE075A01022,
WOCKPHARMA,EQ,438.05,446.0,428.5,436.5,437.0,437.9,1242436,542934479.55,05-JAN-2022,25049,INE049B01025,
WONDERLA,EQ,207.5,211.95,203.25,207.45,207.8,203.6,131087,27294379.65,05-JAN-2022,6166,INE066O01014,
WORTH,EQ,95.55,98.9,94.25,96.75,96.2,95.3,33233,3208355.5,05-JAN-2022,435,INE196Y01018,
WSTCSTPAPR,EQ,239.7,251.5,238.15,245.85,246.0,238.75,445361,109735911.9,05-JAN-2022,11155,INE976A01021,
XCHANGING,EQ,105.7,106.9,104.1,104.8,104.8,105.85,261302,27516431.9,05-JAN-2022,4169,INE692G01013,
XELPMOC,EQ,406.95,406.95,382.55,395.35,391.0,399.0,33693,13208914.65,05-JAN-2022,2854,INE01P501012,
XPROINDIA,BE,949.0,986.55,925.0,986.55,986.55,939.6,33729,32953605.7,05-JAN-2022,903,INE445C01015,
YAARI,EQ,92.3,96.0,90.7,93.5,93.05,92.3,111757,10449189.55,05-JAN-2022,1134,INE126M01010,
YESBANK,EQ,14.55,14.95,14.4,14.5,14.45,14.5,312373031,4582842010.85,05-JAN-2022,196344,INE528G01035,
YUKEN,EQ,590.0,593.0,570.0,576.3,577.5,584.6,1999,1162486.95,05-JAN-2022,229,INE384C01016,
ZEEL,EQ,322.5,322.8,317.4,319.05,318.65,322.35,5910270,1889744620.0,05-JAN-2022,52566,INE256A01028,
ZEEL,P2,2.1,2.1,2.05,2.05,2.1,2.05,215094,445441.7,05-JAN-2022,2203,INE256A04022,
ZEELEARN,EQ,15.65,16.7,15.45,16.35,16.35,16.0,6794410,110198406.1,05-JAN-2022,8427,INE565L01011,
ZEEMEDIA,EQ,15.35,15.35,14.1,14.75,14.85,14.65,6803916,101460351.05,05-JAN-2022,6114,INE966H01019,
ZENITHEXPO,EQ,91.75,93.0,89.3,89.6,89.3,93.65,1654,149550.5,05-JAN-2022,76,INE058B01018,
ZENSARTECH,EQ,521.45,526.55,515.1,520.45,521.25,520.7,976697,507669021.15,05-JAN-2022,21861,INE520A01027,
ZENTEC,EQ,218.0,220.6,216.35,217.75,218.05,219.55,146572,32099060.85,05-JAN-2022,4369,INE251B01027,
ZODIAC,EQ,69.5,69.5,69.5,69.5,69.5,66.2,25053,1741183.5,05-JAN-2022,52,INE761Y01019,
ZODIACLOTH,EQ,110.7,111.35,108.9,110.15,109.85,110.9,21015,2316721.85,05-JAN-2022,523,INE206B01013,
ZOMATO,EQ,137.9,137.9,133.3,133.95,134.35,138.35,15874857,2140060030.95,05-JAN-2022,86198,INE758T01015,
ZOTA,EQ,397.0,398.25,388.0,390.3,391.9,395.05,25499,10002007.35,05-JAN-2022,1230,INE358U01012,
ZUARI,EQ,120.7,131.5,120.7,124.2,124.0,120.75,544124,69182325.35,05-JAN-2022,7228,INE840M01016,
ZUARIGLOB,EQ,156.0,161.3,147.5,149.75,151.2,152.6,423032,65446243.55,05-JAN-2022,4944,INE217A01012,
ZYDUSWELL,EQ,1868.8,1899.0,1850.4,1891.6,1895.0,1863.65,15559,29224631.55,05-JAN-2022,3102,INE768C01010,
